(kicad_pcb (version 20171130) (host pcbnew 5.0.1-33cea8e~68~ubuntu18.04.1)

  (general
    (thickness 1.6)
    (drawings 0)
    (tracks 0)
    (zones 0)
    (modules 67)
    (nets 72)
  )

  (page A4)
  (layers
    (0 F.Cu signal)
    (31 B.Cu signal)
    (32 B.Adhes user)
    (33 F.Adhes user)
    (34 B.Paste user)
    (35 F.Paste user)
    (36 B.SilkS user)
    (37 F.SilkS user)
    (38 B.Mask user)
    (39 F.Mask user)
    (40 Dwgs.User user)
    (41 Cmts.User user)
    (42 Eco1.User user)
    (43 Eco2.User user)
    (44 Edge.Cuts user)
    (45 Margin user)
    (46 B.CrtYd user)
    (47 F.CrtYd user)
    (48 B.Fab user)
    (49 F.Fab user hide)
  )

  (setup
    (last_trace_width 0.25)
    (trace_clearance 0.2)
    (zone_clearance 0.508)
    (zone_45_only no)
    (trace_min 0.2)
    (segment_width 0.2)
    (edge_width 0.15)
    (via_size 0.8)
    (via_drill 0.4)
    (via_min_size 0.4)
    (via_min_drill 0.3)
    (uvia_size 0.3)
    (uvia_drill 0.1)
    (uvias_allowed no)
    (uvia_min_size 0.2)
    (uvia_min_drill 0.1)
    (pcb_text_width 0.3)
    (pcb_text_size 1.5 1.5)
    (mod_edge_width 0.15)
    (mod_text_size 1 1)
    (mod_text_width 0.15)
    (pad_size 1.524 1.524)
    (pad_drill 0.762)
    (pad_to_mask_clearance 0.051)
    (solder_mask_min_width 0.25)
    (aux_axis_origin 0 0)
    (visible_elements FFFFFF7F)
    (pcbplotparams
      (layerselection 0x010fc_ffffffff)
      (usegerberextensions false)
      (usegerberattributes false)
      (usegerberadvancedattributes false)
      (creategerberjobfile false)
      (excludeedgelayer true)
      (linewidth 0.100000)
      (plotframeref false)
      (viasonmask false)
      (mode 1)
      (useauxorigin false)
      (hpglpennumber 1)
      (hpglpenspeed 20)
      (hpglpendiameter 15.000000)
      (psnegative false)
      (psa4output false)
      (plotreference true)
      (plotvalue true)
      (plotinvisibletext false)
      (padsonsilk false)
      (subtractmaskfromsilk false)
      (outputformat 1)
      (mirror false)
      (drillshape 1)
      (scaleselection 1)
      (outputdirectory ""))
  )

  (net 0 "")
  (net 1 +3V3)
  (net 2 GND)
  (net 3 "Net-(C301-Pad1)")
  (net 4 VBUS)
  (net 5 +5V)
  (net 6 "Net-(C407-Pad1)")
  (net 7 "Net-(C407-Pad2)")
  (net 8 "Net-(C408-Pad2)")
  (net 9 +10V)
  (net 10 "Net-(D201-Pad2)")
  (net 11 /ESP8266-E12/GPIO16)
  (net 12 "Net-(D301-Pad1)")
  (net 13 "Net-(D301-Pad2)")
  (net 14 "Net-(D302-Pad2)")
  (net 15 "Net-(D302-Pad1)")
  (net 16 "Net-(D401-Pad2)")
  (net 17 "/OPAMPS and MOSFET/ADC_OUT")
  (net 18 /ESP8266-E12/GPIO10)
  (net 19 /ESP8266-E12/GPIO9)
  (net 20 /ESP8266-E12/GPIO11)
  (net 21 /ESP8266-E12/GPIO8)
  (net 22 /ESP8266-E12/GPIO7)
  (net 23 /ESP8266-E12/GPIO6)
  (net 24 "/USB to UART/ESP_RESET")
  (net 25 /ESP8266-E12/CH_PD)
  (net 26 /ESP8266-E12/GPIO1)
  (net 27 /ESP8266-E12/GPIO3)
  (net 28 "/external DAC/DAC_SPI_CS")
  (net 29 "/external DAC/DAC_SPI_DI")
  (net 30 /ESP8266-E12/ESP_SPI_MISO)
  (net 31 "/external DAC/DAC_SPI_CLK")
  (net 32 /ESP8266-E12/GPIO2)
  (net 33 /ESP8266-E12/ESP_GPIO0)
  (net 34 /ESP8266-E12/GPIO4)
  (net 35 /ESP8266-E12/GPIO5)
  (net 36 "/USB to UART/D_N")
  (net 37 "/USB to UART/D_P")
  (net 38 "Net-(J301-Pad4)")
  (net 39 "Net-(J501-Pad1)")
  (net 40 "Net-(Q301-Pad1)")
  (net 41 "/USB to UART/RTS")
  (net 42 "/USB to UART/DTR")
  (net 43 "Net-(Q302-Pad1)")
  (net 44 "Net-(Q501-Pad3)")
  (net 45 "Net-(Q501-Pad2)")
  (net 46 "Net-(R202-Pad2)")
  (net 47 "Net-(R209-Pad2)")
  (net 48 "Net-(R303-Pad2)")
  (net 49 "Net-(R502-Pad1)")
  (net 50 "Net-(R503-Pad1)")
  (net 51 "/OPAMPS and MOSFET/DAC_IN")
  (net 52 "Net-(R504-Pad1)")
  (net 53 "Net-(R601-Pad2)")
  (net 54 "Net-(R602-Pad2)")
  (net 55 "Net-(U301-Pad28)")
  (net 56 "Net-(U301-Pad27)")
  (net 57 "Net-(U301-Pad26)")
  (net 58 "Net-(U301-Pad19)")
  (net 59 "Net-(U301-Pad13)")
  (net 60 "Net-(U301-Pad12)")
  (net 61 "Net-(U301-Pad11)")
  (net 62 "Net-(U301-Pad10)")
  (net 63 "Net-(U301-Pad9)")
  (net 64 "Net-(U301-Pad6)")
  (net 65 /ESP8266-E12/ESP_TXD0)
  (net 66 /ESP8266-E12/ESP_RXD0)
  (net 67 "Net-(U402-Pad7)")
  (net 68 "Net-(U402-Pad1)")
  (net 69 "Net-(U501-Pad14)")
  (net 70 "Net-(U501-Pad13)")
  (net 71 "Net-(U501-Pad12)")

  (net_class Default "This is the default net class."
    (clearance 0.2)
    (trace_width 0.25)
    (via_dia 0.8)
    (via_drill 0.4)
    (uvia_dia 0.3)
    (uvia_drill 0.1)
    (add_net +10V)
    (add_net +3V3)
    (add_net +5V)
    (add_net /ESP8266-E12/CH_PD)
    (add_net /ESP8266-E12/ESP_GPIO0)
    (add_net /ESP8266-E12/ESP_RXD0)
    (add_net /ESP8266-E12/ESP_SPI_MISO)
    (add_net /ESP8266-E12/ESP_TXD0)
    (add_net /ESP8266-E12/GPIO1)
    (add_net /ESP8266-E12/GPIO10)
    (add_net /ESP8266-E12/GPIO11)
    (add_net /ESP8266-E12/GPIO16)
    (add_net /ESP8266-E12/GPIO2)
    (add_net /ESP8266-E12/GPIO3)
    (add_net /ESP8266-E12/GPIO4)
    (add_net /ESP8266-E12/GPIO5)
    (add_net /ESP8266-E12/GPIO6)
    (add_net /ESP8266-E12/GPIO7)
    (add_net /ESP8266-E12/GPIO8)
    (add_net /ESP8266-E12/GPIO9)
    (add_net "/OPAMPS and MOSFET/ADC_OUT")
    (add_net "/OPAMPS and MOSFET/DAC_IN")
    (add_net "/USB to UART/DTR")
    (add_net "/USB to UART/D_N")
    (add_net "/USB to UART/D_P")
    (add_net "/USB to UART/ESP_RESET")
    (add_net "/USB to UART/RTS")
    (add_net "/external DAC/DAC_SPI_CLK")
    (add_net "/external DAC/DAC_SPI_CS")
    (add_net "/external DAC/DAC_SPI_DI")
    (add_net GND)
    (add_net "Net-(C301-Pad1)")
    (add_net "Net-(C407-Pad1)")
    (add_net "Net-(C407-Pad2)")
    (add_net "Net-(C408-Pad2)")
    (add_net "Net-(D201-Pad2)")
    (add_net "Net-(D301-Pad1)")
    (add_net "Net-(D301-Pad2)")
    (add_net "Net-(D302-Pad1)")
    (add_net "Net-(D302-Pad2)")
    (add_net "Net-(D401-Pad2)")
    (add_net "Net-(J301-Pad4)")
    (add_net "Net-(J501-Pad1)")
    (add_net "Net-(Q301-Pad1)")
    (add_net "Net-(Q302-Pad1)")
    (add_net "Net-(Q501-Pad2)")
    (add_net "Net-(Q501-Pad3)")
    (add_net "Net-(R202-Pad2)")
    (add_net "Net-(R209-Pad2)")
    (add_net "Net-(R303-Pad2)")
    (add_net "Net-(R502-Pad1)")
    (add_net "Net-(R503-Pad1)")
    (add_net "Net-(R504-Pad1)")
    (add_net "Net-(R601-Pad2)")
    (add_net "Net-(R602-Pad2)")
    (add_net "Net-(U301-Pad10)")
    (add_net "Net-(U301-Pad11)")
    (add_net "Net-(U301-Pad12)")
    (add_net "Net-(U301-Pad13)")
    (add_net "Net-(U301-Pad19)")
    (add_net "Net-(U301-Pad26)")
    (add_net "Net-(U301-Pad27)")
    (add_net "Net-(U301-Pad28)")
    (add_net "Net-(U301-Pad6)")
    (add_net "Net-(U301-Pad9)")
    (add_net "Net-(U402-Pad1)")
    (add_net "Net-(U402-Pad7)")
    (add_net "Net-(U501-Pad12)")
    (add_net "Net-(U501-Pad13)")
    (add_net "Net-(U501-Pad14)")
    (add_net VBUS)
  )

  (module Capacitors_SMD:C_0805_HandSoldering (layer F.Cu) (tedit 58AA84A8) (tstamp 5C047E11)
    (at 107.95 109.22 90)
    (descr "Capacitor SMD 0805, hand soldering")
    (tags "capacitor 0805")
    (path /5BF95C47/5C00576B)
    (attr smd)
    (fp_text reference C201 (at 0 -1.75 90) (layer F.SilkS)
      (effects (font (size 1 1) (thickness 0.15)))
    )
    (fp_text value 1u (at 0 1.75 90) (layer F.Fab)
      (effects (font (size 1 1) (thickness 0.15)))
    )
    (fp_line (start 2.25 0.87) (end -2.25 0.87) (layer F.CrtYd) (width 0.05))
    (fp_line (start 2.25 0.87) (end 2.25 -0.88) (layer F.CrtYd) (width 0.05))
    (fp_line (start -2.25 -0.88) (end -2.25 0.87) (layer F.CrtYd) (width 0.05))
    (fp_line (start -2.25 -0.88) (end 2.25 -0.88) (layer F.CrtYd) (width 0.05))
    (fp_line (start -0.5 0.85) (end 0.5 0.85) (layer F.SilkS) (width 0.12))
    (fp_line (start 0.5 -0.85) (end -0.5 -0.85) (layer F.SilkS) (width 0.12))
    (fp_line (start -1 -0.62) (end 1 -0.62) (layer F.Fab) (width 0.1))
    (fp_line (start 1 -0.62) (end 1 0.62) (layer F.Fab) (width 0.1))
    (fp_line (start 1 0.62) (end -1 0.62) (layer F.Fab) (width 0.1))
    (fp_line (start -1 0.62) (end -1 -0.62) (layer F.Fab) (width 0.1))
    (fp_text user %R (at 0 -1.75 90) (layer F.Fab)
      (effects (font (size 1 1) (thickness 0.15)))
    )
    (pad 2 smd rect (at 1.25 0 90) (size 1.5 1.25) (layers F.Cu F.Paste F.Mask)
      (net 1 +3V3))
    (pad 1 smd rect (at -1.25 0 90) (size 1.5 1.25) (layers F.Cu F.Paste F.Mask)
      (net 2 GND))
    (model Capacitors_SMD.3dshapes/C_0805.wrl
      (at (xyz 0 0 0))
      (scale (xyz 1 1 1))
      (rotate (xyz 0 0 0))
    )
  )

  (module Capacitors_SMD:C_0805_HandSoldering (layer F.Cu) (tedit 58AA84A8) (tstamp 5C047E22)
    (at 105.41 109.22 90)
    (descr "Capacitor SMD 0805, hand soldering")
    (tags "capacitor 0805")
    (path /5BF95C47/5C01164E)
    (attr smd)
    (fp_text reference C202 (at 0 -1.75 90) (layer F.SilkS)
      (effects (font (size 1 1) (thickness 0.15)))
    )
    (fp_text value 100n (at 0 1.75 90) (layer F.Fab)
      (effects (font (size 1 1) (thickness 0.15)))
    )
    (fp_text user %R (at 0 -1.75 90) (layer F.Fab)
      (effects (font (size 1 1) (thickness 0.15)))
    )
    (fp_line (start -1 0.62) (end -1 -0.62) (layer F.Fab) (width 0.1))
    (fp_line (start 1 0.62) (end -1 0.62) (layer F.Fab) (width 0.1))
    (fp_line (start 1 -0.62) (end 1 0.62) (layer F.Fab) (width 0.1))
    (fp_line (start -1 -0.62) (end 1 -0.62) (layer F.Fab) (width 0.1))
    (fp_line (start 0.5 -0.85) (end -0.5 -0.85) (layer F.SilkS) (width 0.12))
    (fp_line (start -0.5 0.85) (end 0.5 0.85) (layer F.SilkS) (width 0.12))
    (fp_line (start -2.25 -0.88) (end 2.25 -0.88) (layer F.CrtYd) (width 0.05))
    (fp_line (start -2.25 -0.88) (end -2.25 0.87) (layer F.CrtYd) (width 0.05))
    (fp_line (start 2.25 0.87) (end 2.25 -0.88) (layer F.CrtYd) (width 0.05))
    (fp_line (start 2.25 0.87) (end -2.25 0.87) (layer F.CrtYd) (width 0.05))
    (pad 1 smd rect (at -1.25 0 90) (size 1.5 1.25) (layers F.Cu F.Paste F.Mask)
      (net 2 GND))
    (pad 2 smd rect (at 1.25 0 90) (size 1.5 1.25) (layers F.Cu F.Paste F.Mask)
      (net 1 +3V3))
    (model Capacitors_SMD.3dshapes/C_0805.wrl
      (at (xyz 0 0 0))
      (scale (xyz 1 1 1))
      (rotate (xyz 0 0 0))
    )
  )

  (module Capacitors_SMD:C_0805_HandSoldering (layer F.Cu) (tedit 58AA84A8) (tstamp 5C047E33)
    (at 167.64 128.27 90)
    (descr "Capacitor SMD 0805, hand soldering")
    (tags "capacitor 0805")
    (path /5C0B06CC/5C0BF5D4)
    (attr smd)
    (fp_text reference C301 (at 0 -1.75 90) (layer F.SilkS)
      (effects (font (size 1 1) (thickness 0.15)))
    )
    (fp_text value 100nF (at 0 1.75 90) (layer F.Fab)
      (effects (font (size 1 1) (thickness 0.15)))
    )
    (fp_line (start 2.25 0.87) (end -2.25 0.87) (layer F.CrtYd) (width 0.05))
    (fp_line (start 2.25 0.87) (end 2.25 -0.88) (layer F.CrtYd) (width 0.05))
    (fp_line (start -2.25 -0.88) (end -2.25 0.87) (layer F.CrtYd) (width 0.05))
    (fp_line (start -2.25 -0.88) (end 2.25 -0.88) (layer F.CrtYd) (width 0.05))
    (fp_line (start -0.5 0.85) (end 0.5 0.85) (layer F.SilkS) (width 0.12))
    (fp_line (start 0.5 -0.85) (end -0.5 -0.85) (layer F.SilkS) (width 0.12))
    (fp_line (start -1 -0.62) (end 1 -0.62) (layer F.Fab) (width 0.1))
    (fp_line (start 1 -0.62) (end 1 0.62) (layer F.Fab) (width 0.1))
    (fp_line (start 1 0.62) (end -1 0.62) (layer F.Fab) (width 0.1))
    (fp_line (start -1 0.62) (end -1 -0.62) (layer F.Fab) (width 0.1))
    (fp_text user %R (at 0 -1.75 90) (layer F.Fab)
      (effects (font (size 1 1) (thickness 0.15)))
    )
    (pad 2 smd rect (at 1.25 0 90) (size 1.5 1.25) (layers F.Cu F.Paste F.Mask)
      (net 2 GND))
    (pad 1 smd rect (at -1.25 0 90) (size 1.5 1.25) (layers F.Cu F.Paste F.Mask)
      (net 3 "Net-(C301-Pad1)"))
    (model Capacitors_SMD.3dshapes/C_0805.wrl
      (at (xyz 0 0 0))
      (scale (xyz 1 1 1))
      (rotate (xyz 0 0 0))
    )
  )

  (module Capacitors_SMD:C_0805_HandSoldering (layer F.Cu) (tedit 58AA84A8) (tstamp 5C047E44)
    (at 162.505001 140.97)
    (descr "Capacitor SMD 0805, hand soldering")
    (tags "capacitor 0805")
    (path /5C1A41B0/5C1ACD5F)
    (attr smd)
    (fp_text reference C401 (at 0 -1.75) (layer F.SilkS)
      (effects (font (size 1 1) (thickness 0.15)))
    )
    (fp_text value 10nF (at 0 1.75) (layer F.Fab)
      (effects (font (size 1 1) (thickness 0.15)))
    )
    (fp_text user %R (at 0 -1.75) (layer F.Fab)
      (effects (font (size 1 1) (thickness 0.15)))
    )
    (fp_line (start -1 0.62) (end -1 -0.62) (layer F.Fab) (width 0.1))
    (fp_line (start 1 0.62) (end -1 0.62) (layer F.Fab) (width 0.1))
    (fp_line (start 1 -0.62) (end 1 0.62) (layer F.Fab) (width 0.1))
    (fp_line (start -1 -0.62) (end 1 -0.62) (layer F.Fab) (width 0.1))
    (fp_line (start 0.5 -0.85) (end -0.5 -0.85) (layer F.SilkS) (width 0.12))
    (fp_line (start -0.5 0.85) (end 0.5 0.85) (layer F.SilkS) (width 0.12))
    (fp_line (start -2.25 -0.88) (end 2.25 -0.88) (layer F.CrtYd) (width 0.05))
    (fp_line (start -2.25 -0.88) (end -2.25 0.87) (layer F.CrtYd) (width 0.05))
    (fp_line (start 2.25 0.87) (end 2.25 -0.88) (layer F.CrtYd) (width 0.05))
    (fp_line (start 2.25 0.87) (end -2.25 0.87) (layer F.CrtYd) (width 0.05))
    (pad 1 smd rect (at -1.25 0) (size 1.5 1.25) (layers F.Cu F.Paste F.Mask)
      (net 4 VBUS))
    (pad 2 smd rect (at 1.25 0) (size 1.5 1.25) (layers F.Cu F.Paste F.Mask)
      (net 2 GND))
    (model Capacitors_SMD.3dshapes/C_0805.wrl
      (at (xyz 0 0 0))
      (scale (xyz 1 1 1))
      (rotate (xyz 0 0 0))
    )
  )

  (module Capacitors_SMD:C_0805_HandSoldering (layer F.Cu) (tedit 58AA84A8) (tstamp 5C047E55)
    (at 146.05 133.35 270)
    (descr "Capacitor SMD 0805, hand soldering")
    (tags "capacitor 0805")
    (path /5C1A41B0/5C1A4352)
    (attr smd)
    (fp_text reference C402 (at 0 -1.75 270) (layer F.SilkS)
      (effects (font (size 1 1) (thickness 0.15)))
    )
    (fp_text value "10uF 25V" (at 0 1.75 270) (layer F.Fab)
      (effects (font (size 1 1) (thickness 0.15)))
    )
    (fp_text user %R (at 0 -1.75 270) (layer F.Fab)
      (effects (font (size 1 1) (thickness 0.15)))
    )
    (fp_line (start -1 0.62) (end -1 -0.62) (layer F.Fab) (width 0.1))
    (fp_line (start 1 0.62) (end -1 0.62) (layer F.Fab) (width 0.1))
    (fp_line (start 1 -0.62) (end 1 0.62) (layer F.Fab) (width 0.1))
    (fp_line (start -1 -0.62) (end 1 -0.62) (layer F.Fab) (width 0.1))
    (fp_line (start 0.5 -0.85) (end -0.5 -0.85) (layer F.SilkS) (width 0.12))
    (fp_line (start -0.5 0.85) (end 0.5 0.85) (layer F.SilkS) (width 0.12))
    (fp_line (start -2.25 -0.88) (end 2.25 -0.88) (layer F.CrtYd) (width 0.05))
    (fp_line (start -2.25 -0.88) (end -2.25 0.87) (layer F.CrtYd) (width 0.05))
    (fp_line (start 2.25 0.87) (end 2.25 -0.88) (layer F.CrtYd) (width 0.05))
    (fp_line (start 2.25 0.87) (end -2.25 0.87) (layer F.CrtYd) (width 0.05))
    (pad 1 smd rect (at -1.25 0 270) (size 1.5 1.25) (layers F.Cu F.Paste F.Mask)
      (net 5 +5V))
    (pad 2 smd rect (at 1.25 0 270) (size 1.5 1.25) (layers F.Cu F.Paste F.Mask)
      (net 2 GND))
    (model Capacitors_SMD.3dshapes/C_0805.wrl
      (at (xyz 0 0 0))
      (scale (xyz 1 1 1))
      (rotate (xyz 0 0 0))
    )
  )

  (module Capacitors_SMD:C_0805_HandSoldering (layer F.Cu) (tedit 58AA84A8) (tstamp 5C047E66)
    (at 166.37 139.7 270)
    (descr "Capacitor SMD 0805, hand soldering")
    (tags "capacitor 0805")
    (path /5C1A41B0/5C1ACD51)
    (attr smd)
    (fp_text reference C403 (at 0 -1.75 270) (layer F.SilkS)
      (effects (font (size 1 1) (thickness 0.15)))
    )
    (fp_text value 100nF (at 0 1.75 270) (layer F.Fab)
      (effects (font (size 1 1) (thickness 0.15)))
    )
    (fp_text user %R (at 0 -1.75 270) (layer F.Fab)
      (effects (font (size 1 1) (thickness 0.15)))
    )
    (fp_line (start -1 0.62) (end -1 -0.62) (layer F.Fab) (width 0.1))
    (fp_line (start 1 0.62) (end -1 0.62) (layer F.Fab) (width 0.1))
    (fp_line (start 1 -0.62) (end 1 0.62) (layer F.Fab) (width 0.1))
    (fp_line (start -1 -0.62) (end 1 -0.62) (layer F.Fab) (width 0.1))
    (fp_line (start 0.5 -0.85) (end -0.5 -0.85) (layer F.SilkS) (width 0.12))
    (fp_line (start -0.5 0.85) (end 0.5 0.85) (layer F.SilkS) (width 0.12))
    (fp_line (start -2.25 -0.88) (end 2.25 -0.88) (layer F.CrtYd) (width 0.05))
    (fp_line (start -2.25 -0.88) (end -2.25 0.87) (layer F.CrtYd) (width 0.05))
    (fp_line (start 2.25 0.87) (end 2.25 -0.88) (layer F.CrtYd) (width 0.05))
    (fp_line (start 2.25 0.87) (end -2.25 0.87) (layer F.CrtYd) (width 0.05))
    (pad 1 smd rect (at -1.25 0 270) (size 1.5 1.25) (layers F.Cu F.Paste F.Mask)
      (net 5 +5V))
    (pad 2 smd rect (at 1.25 0 270) (size 1.5 1.25) (layers F.Cu F.Paste F.Mask)
      (net 2 GND))
    (model Capacitors_SMD.3dshapes/C_0805.wrl
      (at (xyz 0 0 0))
      (scale (xyz 1 1 1))
      (rotate (xyz 0 0 0))
    )
  )

  (module Capacitors_SMD:C_0805_HandSoldering (layer F.Cu) (tedit 58AA84A8) (tstamp 5C047E88)
    (at 168.91 139.7 270)
    (descr "Capacitor SMD 0805, hand soldering")
    (tags "capacitor 0805")
    (path /5C1A41B0/5C1ACD58)
    (attr smd)
    (fp_text reference C405 (at 0 -1.75 270) (layer F.SilkS)
      (effects (font (size 1 1) (thickness 0.15)))
    )
    (fp_text value 10uF (at 0 1.75 270) (layer F.Fab)
      (effects (font (size 1 1) (thickness 0.15)))
    )
    (fp_line (start 2.25 0.87) (end -2.25 0.87) (layer F.CrtYd) (width 0.05))
    (fp_line (start 2.25 0.87) (end 2.25 -0.88) (layer F.CrtYd) (width 0.05))
    (fp_line (start -2.25 -0.88) (end -2.25 0.87) (layer F.CrtYd) (width 0.05))
    (fp_line (start -2.25 -0.88) (end 2.25 -0.88) (layer F.CrtYd) (width 0.05))
    (fp_line (start -0.5 0.85) (end 0.5 0.85) (layer F.SilkS) (width 0.12))
    (fp_line (start 0.5 -0.85) (end -0.5 -0.85) (layer F.SilkS) (width 0.12))
    (fp_line (start -1 -0.62) (end 1 -0.62) (layer F.Fab) (width 0.1))
    (fp_line (start 1 -0.62) (end 1 0.62) (layer F.Fab) (width 0.1))
    (fp_line (start 1 0.62) (end -1 0.62) (layer F.Fab) (width 0.1))
    (fp_line (start -1 0.62) (end -1 -0.62) (layer F.Fab) (width 0.1))
    (fp_text user %R (at 0 -1.75 270) (layer F.Fab)
      (effects (font (size 1 1) (thickness 0.15)))
    )
    (pad 2 smd rect (at 1.25 0 270) (size 1.5 1.25) (layers F.Cu F.Paste F.Mask)
      (net 2 GND))
    (pad 1 smd rect (at -1.25 0 270) (size 1.5 1.25) (layers F.Cu F.Paste F.Mask)
      (net 5 +5V))
    (model Capacitors_SMD.3dshapes/C_0805.wrl
      (at (xyz 0 0 0))
      (scale (xyz 1 1 1))
      (rotate (xyz 0 0 0))
    )
  )

  (module Capacitors_SMD:C_0805_HandSoldering (layer F.Cu) (tedit 58AA84A8) (tstamp 5C047E99)
    (at 149.86 109.22)
    (descr "Capacitor SMD 0805, hand soldering")
    (tags "capacitor 0805")
    (path /5C1A41B0/5C1B3086)
    (attr smd)
    (fp_text reference C406 (at 0 -1.75) (layer F.SilkS)
      (effects (font (size 1 1) (thickness 0.15)))
    )
    (fp_text value 10uF (at 0 1.75) (layer F.Fab)
      (effects (font (size 1 1) (thickness 0.15)))
    )
    (fp_line (start 2.25 0.87) (end -2.25 0.87) (layer F.CrtYd) (width 0.05))
    (fp_line (start 2.25 0.87) (end 2.25 -0.88) (layer F.CrtYd) (width 0.05))
    (fp_line (start -2.25 -0.88) (end -2.25 0.87) (layer F.CrtYd) (width 0.05))
    (fp_line (start -2.25 -0.88) (end 2.25 -0.88) (layer F.CrtYd) (width 0.05))
    (fp_line (start -0.5 0.85) (end 0.5 0.85) (layer F.SilkS) (width 0.12))
    (fp_line (start 0.5 -0.85) (end -0.5 -0.85) (layer F.SilkS) (width 0.12))
    (fp_line (start -1 -0.62) (end 1 -0.62) (layer F.Fab) (width 0.1))
    (fp_line (start 1 -0.62) (end 1 0.62) (layer F.Fab) (width 0.1))
    (fp_line (start 1 0.62) (end -1 0.62) (layer F.Fab) (width 0.1))
    (fp_line (start -1 0.62) (end -1 -0.62) (layer F.Fab) (width 0.1))
    (fp_text user %R (at 0 -1.75) (layer F.Fab)
      (effects (font (size 1 1) (thickness 0.15)))
    )
    (pad 2 smd rect (at 1.25 0) (size 1.5 1.25) (layers F.Cu F.Paste F.Mask)
      (net 2 GND))
    (pad 1 smd rect (at -1.25 0) (size 1.5 1.25) (layers F.Cu F.Paste F.Mask)
      (net 5 +5V))
    (model Capacitors_SMD.3dshapes/C_0805.wrl
      (at (xyz 0 0 0))
      (scale (xyz 1 1 1))
      (rotate (xyz 0 0 0))
    )
  )

  (module Capacitors_SMD:C_0805_HandSoldering (layer F.Cu) (tedit 58AA84A8) (tstamp 5C047EAA)
    (at 144.78 113.03 270)
    (descr "Capacitor SMD 0805, hand soldering")
    (tags "capacitor 0805")
    (path /5C1A41B0/5C1B3270)
    (attr smd)
    (fp_text reference C407 (at 0 -1.75 270) (layer F.SilkS)
      (effects (font (size 1 1) (thickness 0.15)))
    )
    (fp_text value 10uF (at 0 1.75 270) (layer F.Fab)
      (effects (font (size 1 1) (thickness 0.15)))
    )
    (fp_text user %R (at 0 -1.75 270) (layer F.Fab)
      (effects (font (size 1 1) (thickness 0.15)))
    )
    (fp_line (start -1 0.62) (end -1 -0.62) (layer F.Fab) (width 0.1))
    (fp_line (start 1 0.62) (end -1 0.62) (layer F.Fab) (width 0.1))
    (fp_line (start 1 -0.62) (end 1 0.62) (layer F.Fab) (width 0.1))
    (fp_line (start -1 -0.62) (end 1 -0.62) (layer F.Fab) (width 0.1))
    (fp_line (start 0.5 -0.85) (end -0.5 -0.85) (layer F.SilkS) (width 0.12))
    (fp_line (start -0.5 0.85) (end 0.5 0.85) (layer F.SilkS) (width 0.12))
    (fp_line (start -2.25 -0.88) (end 2.25 -0.88) (layer F.CrtYd) (width 0.05))
    (fp_line (start -2.25 -0.88) (end -2.25 0.87) (layer F.CrtYd) (width 0.05))
    (fp_line (start 2.25 0.87) (end 2.25 -0.88) (layer F.CrtYd) (width 0.05))
    (fp_line (start 2.25 0.87) (end -2.25 0.87) (layer F.CrtYd) (width 0.05))
    (pad 1 smd rect (at -1.25 0 270) (size 1.5 1.25) (layers F.Cu F.Paste F.Mask)
      (net 6 "Net-(C407-Pad1)"))
    (pad 2 smd rect (at 1.25 0 270) (size 1.5 1.25) (layers F.Cu F.Paste F.Mask)
      (net 7 "Net-(C407-Pad2)"))
    (model Capacitors_SMD.3dshapes/C_0805.wrl
      (at (xyz 0 0 0))
      (scale (xyz 1 1 1))
      (rotate (xyz 0 0 0))
    )
  )

  (module Capacitors_SMD:C_0805_HandSoldering (layer F.Cu) (tedit 58AA84A8) (tstamp 5C047EBB)
    (at 154.94 113.03 270)
    (descr "Capacitor SMD 0805, hand soldering")
    (tags "capacitor 0805")
    (path /5C1A41B0/5C1B32A6)
    (attr smd)
    (fp_text reference C408 (at 0 -1.75 270) (layer F.SilkS)
      (effects (font (size 1 1) (thickness 0.15)))
    )
    (fp_text value 10uF (at 0 1.75 270) (layer F.Fab)
      (effects (font (size 1 1) (thickness 0.15)))
    )
    (fp_line (start 2.25 0.87) (end -2.25 0.87) (layer F.CrtYd) (width 0.05))
    (fp_line (start 2.25 0.87) (end 2.25 -0.88) (layer F.CrtYd) (width 0.05))
    (fp_line (start -2.25 -0.88) (end -2.25 0.87) (layer F.CrtYd) (width 0.05))
    (fp_line (start -2.25 -0.88) (end 2.25 -0.88) (layer F.CrtYd) (width 0.05))
    (fp_line (start -0.5 0.85) (end 0.5 0.85) (layer F.SilkS) (width 0.12))
    (fp_line (start 0.5 -0.85) (end -0.5 -0.85) (layer F.SilkS) (width 0.12))
    (fp_line (start -1 -0.62) (end 1 -0.62) (layer F.Fab) (width 0.1))
    (fp_line (start 1 -0.62) (end 1 0.62) (layer F.Fab) (width 0.1))
    (fp_line (start 1 0.62) (end -1 0.62) (layer F.Fab) (width 0.1))
    (fp_line (start -1 0.62) (end -1 -0.62) (layer F.Fab) (width 0.1))
    (fp_text user %R (at 0 -1.75 270) (layer F.Fab)
      (effects (font (size 1 1) (thickness 0.15)))
    )
    (pad 2 smd rect (at 1.25 0 270) (size 1.5 1.25) (layers F.Cu F.Paste F.Mask)
      (net 8 "Net-(C408-Pad2)"))
    (pad 1 smd rect (at -1.25 0 270) (size 1.5 1.25) (layers F.Cu F.Paste F.Mask)
      (net 9 +10V))
    (model Capacitors_SMD.3dshapes/C_0805.wrl
      (at (xyz 0 0 0))
      (scale (xyz 1 1 1))
      (rotate (xyz 0 0 0))
    )
  )

  (module Capacitors_SMD:C_0805_HandSoldering (layer F.Cu) (tedit 58AA84A8) (tstamp 5C047ECC)
    (at 101.6 104.14 270)
    (descr "Capacitor SMD 0805, hand soldering")
    (tags "capacitor 0805")
    (path /5C1D3F8A/5C1D4850)
    (attr smd)
    (fp_text reference C601 (at 0 -1.75 270) (layer F.SilkS)
      (effects (font (size 1 1) (thickness 0.15)))
    )
    (fp_text value 100n (at 0 1.75 270) (layer F.Fab)
      (effects (font (size 1 1) (thickness 0.15)))
    )
    (fp_text user %R (at 0 -1.75 270) (layer F.Fab)
      (effects (font (size 1 1) (thickness 0.15)))
    )
    (fp_line (start -1 0.62) (end -1 -0.62) (layer F.Fab) (width 0.1))
    (fp_line (start 1 0.62) (end -1 0.62) (layer F.Fab) (width 0.1))
    (fp_line (start 1 -0.62) (end 1 0.62) (layer F.Fab) (width 0.1))
    (fp_line (start -1 -0.62) (end 1 -0.62) (layer F.Fab) (width 0.1))
    (fp_line (start 0.5 -0.85) (end -0.5 -0.85) (layer F.SilkS) (width 0.12))
    (fp_line (start -0.5 0.85) (end 0.5 0.85) (layer F.SilkS) (width 0.12))
    (fp_line (start -2.25 -0.88) (end 2.25 -0.88) (layer F.CrtYd) (width 0.05))
    (fp_line (start -2.25 -0.88) (end -2.25 0.87) (layer F.CrtYd) (width 0.05))
    (fp_line (start 2.25 0.87) (end 2.25 -0.88) (layer F.CrtYd) (width 0.05))
    (fp_line (start 2.25 0.87) (end -2.25 0.87) (layer F.CrtYd) (width 0.05))
    (pad 1 smd rect (at -1.25 0 270) (size 1.5 1.25) (layers F.Cu F.Paste F.Mask)
      (net 5 +5V))
    (pad 2 smd rect (at 1.25 0 270) (size 1.5 1.25) (layers F.Cu F.Paste F.Mask)
      (net 2 GND))
    (model Capacitors_SMD.3dshapes/C_0805.wrl
      (at (xyz 0 0 0))
      (scale (xyz 1 1 1))
      (rotate (xyz 0 0 0))
    )
  )

  (module Capacitors_SMD:C_0805_HandSoldering (layer F.Cu) (tedit 58AA84A8) (tstamp 5C047EDD)
    (at 99.06 104.14 270)
    (descr "Capacitor SMD 0805, hand soldering")
    (tags "capacitor 0805")
    (path /5C1D3F8A/5C1D48D4)
    (attr smd)
    (fp_text reference C602 (at 0 -1.75 270) (layer F.SilkS)
      (effects (font (size 1 1) (thickness 0.15)))
    )
    (fp_text value 1uF (at 0 1.75 270) (layer F.Fab)
      (effects (font (size 1 1) (thickness 0.15)))
    )
    (fp_line (start 2.25 0.87) (end -2.25 0.87) (layer F.CrtYd) (width 0.05))
    (fp_line (start 2.25 0.87) (end 2.25 -0.88) (layer F.CrtYd) (width 0.05))
    (fp_line (start -2.25 -0.88) (end -2.25 0.87) (layer F.CrtYd) (width 0.05))
    (fp_line (start -2.25 -0.88) (end 2.25 -0.88) (layer F.CrtYd) (width 0.05))
    (fp_line (start -0.5 0.85) (end 0.5 0.85) (layer F.SilkS) (width 0.12))
    (fp_line (start 0.5 -0.85) (end -0.5 -0.85) (layer F.SilkS) (width 0.12))
    (fp_line (start -1 -0.62) (end 1 -0.62) (layer F.Fab) (width 0.1))
    (fp_line (start 1 -0.62) (end 1 0.62) (layer F.Fab) (width 0.1))
    (fp_line (start 1 0.62) (end -1 0.62) (layer F.Fab) (width 0.1))
    (fp_line (start -1 0.62) (end -1 -0.62) (layer F.Fab) (width 0.1))
    (fp_text user %R (at 0 -1.75 270) (layer F.Fab)
      (effects (font (size 1 1) (thickness 0.15)))
    )
    (pad 2 smd rect (at 1.25 0 270) (size 1.5 1.25) (layers F.Cu F.Paste F.Mask)
      (net 2 GND))
    (pad 1 smd rect (at -1.25 0 270) (size 1.5 1.25) (layers F.Cu F.Paste F.Mask)
      (net 5 +5V))
    (model Capacitors_SMD.3dshapes/C_0805.wrl
      (at (xyz 0 0 0))
      (scale (xyz 1 1 1))
      (rotate (xyz 0 0 0))
    )
  )

  (module LEDs:LED_0805_HandSoldering (layer F.Cu) (tedit 595FCA25) (tstamp 5C047EF2)
    (at 137.935001 56.845001)
    (descr "Resistor SMD 0805, hand soldering")
    (tags "resistor 0805")
    (path /5BF95C47/5C1504D0)
    (attr smd)
    (fp_text reference D201 (at 0 -1.7) (layer F.SilkS)
      (effects (font (size 1 1) (thickness 0.15)))
    )
    (fp_text value LED (at 0 1.75) (layer F.Fab)
      (effects (font (size 1 1) (thickness 0.15)))
    )
    (fp_line (start -2.2 -0.75) (end -2.2 0.75) (layer F.SilkS) (width 0.12))
    (fp_line (start 2.35 0.9) (end -2.35 0.9) (layer F.CrtYd) (width 0.05))
    (fp_line (start 2.35 0.9) (end 2.35 -0.9) (layer F.CrtYd) (width 0.05))
    (fp_line (start -2.35 -0.9) (end -2.35 0.9) (layer F.CrtYd) (width 0.05))
    (fp_line (start -2.35 -0.9) (end 2.35 -0.9) (layer F.CrtYd) (width 0.05))
    (fp_line (start -2.2 -0.75) (end 1 -0.75) (layer F.SilkS) (width 0.12))
    (fp_line (start 1 0.75) (end -2.2 0.75) (layer F.SilkS) (width 0.12))
    (fp_line (start -1 -0.62) (end 1 -0.62) (layer F.Fab) (width 0.1))
    (fp_line (start 1 -0.62) (end 1 0.62) (layer F.Fab) (width 0.1))
    (fp_line (start 1 0.62) (end -1 0.62) (layer F.Fab) (width 0.1))
    (fp_line (start -1 0.62) (end -1 -0.62) (layer F.Fab) (width 0.1))
    (fp_line (start 0.2 -0.4) (end 0.2 0.4) (layer F.Fab) (width 0.1))
    (fp_line (start 0.2 0.4) (end -0.4 0) (layer F.Fab) (width 0.1))
    (fp_line (start -0.4 0) (end 0.2 -0.4) (layer F.Fab) (width 0.1))
    (fp_line (start -0.4 -0.4) (end -0.4 0.4) (layer F.Fab) (width 0.1))
    (pad 2 smd rect (at 1.35 0) (size 1.5 1.3) (layers F.Cu F.Paste F.Mask)
      (net 10 "Net-(D201-Pad2)"))
    (pad 1 smd rect (at -1.35 0) (size 1.5 1.3) (layers F.Cu F.Paste F.Mask)
      (net 11 /ESP8266-E12/GPIO16))
    (model ${KISYS3DMOD}/LEDs.3dshapes/LED_0805.wrl
      (at (xyz 0 0 0))
      (scale (xyz 1 1 1))
      (rotate (xyz 0 0 0))
    )
  )

  (module LEDs:LED_0805_HandSoldering (layer F.Cu) (tedit 595FCA25) (tstamp 5C047F07)
    (at 170.18 133.35 270)
    (descr "Resistor SMD 0805, hand soldering")
    (tags "resistor 0805")
    (path /5C0B06CC/5C0C27CB)
    (attr smd)
    (fp_text reference D301 (at 0 -1.7 270) (layer F.SilkS)
      (effects (font (size 1 1) (thickness 0.15)))
    )
    (fp_text value TXLED (at 0 1.75 270) (layer F.Fab)
      (effects (font (size 1 1) (thickness 0.15)))
    )
    (fp_line (start -0.4 -0.4) (end -0.4 0.4) (layer F.Fab) (width 0.1))
    (fp_line (start -0.4 0) (end 0.2 -0.4) (layer F.Fab) (width 0.1))
    (fp_line (start 0.2 0.4) (end -0.4 0) (layer F.Fab) (width 0.1))
    (fp_line (start 0.2 -0.4) (end 0.2 0.4) (layer F.Fab) (width 0.1))
    (fp_line (start -1 0.62) (end -1 -0.62) (layer F.Fab) (width 0.1))
    (fp_line (start 1 0.62) (end -1 0.62) (layer F.Fab) (width 0.1))
    (fp_line (start 1 -0.62) (end 1 0.62) (layer F.Fab) (width 0.1))
    (fp_line (start -1 -0.62) (end 1 -0.62) (layer F.Fab) (width 0.1))
    (fp_line (start 1 0.75) (end -2.2 0.75) (layer F.SilkS) (width 0.12))
    (fp_line (start -2.2 -0.75) (end 1 -0.75) (layer F.SilkS) (width 0.12))
    (fp_line (start -2.35 -0.9) (end 2.35 -0.9) (layer F.CrtYd) (width 0.05))
    (fp_line (start -2.35 -0.9) (end -2.35 0.9) (layer F.CrtYd) (width 0.05))
    (fp_line (start 2.35 0.9) (end 2.35 -0.9) (layer F.CrtYd) (width 0.05))
    (fp_line (start 2.35 0.9) (end -2.35 0.9) (layer F.CrtYd) (width 0.05))
    (fp_line (start -2.2 -0.75) (end -2.2 0.75) (layer F.SilkS) (width 0.12))
    (pad 1 smd rect (at -1.35 0 270) (size 1.5 1.3) (layers F.Cu F.Paste F.Mask)
      (net 12 "Net-(D301-Pad1)"))
    (pad 2 smd rect (at 1.35 0 270) (size 1.5 1.3) (layers F.Cu F.Paste F.Mask)
      (net 13 "Net-(D301-Pad2)"))
    (model ${KISYS3DMOD}/LEDs.3dshapes/LED_0805.wrl
      (at (xyz 0 0 0))
      (scale (xyz 1 1 1))
      (rotate (xyz 0 0 0))
    )
  )

  (module LEDs:LED_0805_HandSoldering (layer F.Cu) (tedit 595FCA25) (tstamp 5C047F1C)
    (at 167.64 133.35 270)
    (descr "Resistor SMD 0805, hand soldering")
    (tags "resistor 0805")
    (path /5C0B06CC/5C0C287D)
    (attr smd)
    (fp_text reference D302 (at 0 -1.7 270) (layer F.SilkS)
      (effects (font (size 1 1) (thickness 0.15)))
    )
    (fp_text value RXLED (at 0 1.75 270) (layer F.Fab)
      (effects (font (size 1 1) (thickness 0.15)))
    )
    (fp_line (start -2.2 -0.75) (end -2.2 0.75) (layer F.SilkS) (width 0.12))
    (fp_line (start 2.35 0.9) (end -2.35 0.9) (layer F.CrtYd) (width 0.05))
    (fp_line (start 2.35 0.9) (end 2.35 -0.9) (layer F.CrtYd) (width 0.05))
    (fp_line (start -2.35 -0.9) (end -2.35 0.9) (layer F.CrtYd) (width 0.05))
    (fp_line (start -2.35 -0.9) (end 2.35 -0.9) (layer F.CrtYd) (width 0.05))
    (fp_line (start -2.2 -0.75) (end 1 -0.75) (layer F.SilkS) (width 0.12))
    (fp_line (start 1 0.75) (end -2.2 0.75) (layer F.SilkS) (width 0.12))
    (fp_line (start -1 -0.62) (end 1 -0.62) (layer F.Fab) (width 0.1))
    (fp_line (start 1 -0.62) (end 1 0.62) (layer F.Fab) (width 0.1))
    (fp_line (start 1 0.62) (end -1 0.62) (layer F.Fab) (width 0.1))
    (fp_line (start -1 0.62) (end -1 -0.62) (layer F.Fab) (width 0.1))
    (fp_line (start 0.2 -0.4) (end 0.2 0.4) (layer F.Fab) (width 0.1))
    (fp_line (start 0.2 0.4) (end -0.4 0) (layer F.Fab) (width 0.1))
    (fp_line (start -0.4 0) (end 0.2 -0.4) (layer F.Fab) (width 0.1))
    (fp_line (start -0.4 -0.4) (end -0.4 0.4) (layer F.Fab) (width 0.1))
    (pad 2 smd rect (at 1.35 0 270) (size 1.5 1.3) (layers F.Cu F.Paste F.Mask)
      (net 14 "Net-(D302-Pad2)"))
    (pad 1 smd rect (at -1.35 0 270) (size 1.5 1.3) (layers F.Cu F.Paste F.Mask)
      (net 15 "Net-(D302-Pad1)"))
    (model ${KISYS3DMOD}/LEDs.3dshapes/LED_0805.wrl
      (at (xyz 0 0 0))
      (scale (xyz 1 1 1))
      (rotate (xyz 0 0 0))
    )
  )

  (module Diodes_SMD:D_SMA_Handsoldering (layer F.Cu) (tedit 58643398) (tstamp 5C047F34)
    (at 161.29 134.62 180)
    (descr "Diode SMA (DO-214AC) Handsoldering")
    (tags "Diode SMA (DO-214AC) Handsoldering")
    (path /5C1A41B0/5C1ACD77)
    (attr smd)
    (fp_text reference D401 (at 0 -2.5 180) (layer F.SilkS)
      (effects (font (size 1 1) (thickness 0.15)))
    )
    (fp_text value LSM115JE3/TR13 (at 0 2.6 180) (layer F.Fab)
      (effects (font (size 1 1) (thickness 0.15)))
    )
    (fp_line (start -4.4 -1.65) (end 2.5 -1.65) (layer F.SilkS) (width 0.12))
    (fp_line (start -4.4 1.65) (end 2.5 1.65) (layer F.SilkS) (width 0.12))
    (fp_line (start -0.64944 0.00102) (end 0.50118 -0.79908) (layer F.Fab) (width 0.1))
    (fp_line (start -0.64944 0.00102) (end 0.50118 0.75032) (layer F.Fab) (width 0.1))
    (fp_line (start 0.50118 0.75032) (end 0.50118 -0.79908) (layer F.Fab) (width 0.1))
    (fp_line (start -0.64944 -0.79908) (end -0.64944 0.80112) (layer F.Fab) (width 0.1))
    (fp_line (start 0.50118 0.00102) (end 1.4994 0.00102) (layer F.Fab) (width 0.1))
    (fp_line (start -0.64944 0.00102) (end -1.55114 0.00102) (layer F.Fab) (width 0.1))
    (fp_line (start -4.5 1.75) (end -4.5 -1.75) (layer F.CrtYd) (width 0.05))
    (fp_line (start 4.5 1.75) (end -4.5 1.75) (layer F.CrtYd) (width 0.05))
    (fp_line (start 4.5 -1.75) (end 4.5 1.75) (layer F.CrtYd) (width 0.05))
    (fp_line (start -4.5 -1.75) (end 4.5 -1.75) (layer F.CrtYd) (width 0.05))
    (fp_line (start 2.3 -1.5) (end -2.3 -1.5) (layer F.Fab) (width 0.1))
    (fp_line (start 2.3 -1.5) (end 2.3 1.5) (layer F.Fab) (width 0.1))
    (fp_line (start -2.3 1.5) (end -2.3 -1.5) (layer F.Fab) (width 0.1))
    (fp_line (start 2.3 1.5) (end -2.3 1.5) (layer F.Fab) (width 0.1))
    (fp_line (start -4.4 -1.65) (end -4.4 1.65) (layer F.SilkS) (width 0.12))
    (fp_text user %R (at 0 -2.5 180) (layer F.Fab)
      (effects (font (size 1 1) (thickness 0.15)))
    )
    (pad 2 smd rect (at 2.5 0 180) (size 3.5 1.8) (layers F.Cu F.Paste F.Mask)
      (net 16 "Net-(D401-Pad2)"))
    (pad 1 smd rect (at -2.5 0 180) (size 3.5 1.8) (layers F.Cu F.Paste F.Mask)
      (net 5 +5V))
    (model ${KISYS3DMOD}/Diodes_SMD.3dshapes/D_SMA.wrl
      (at (xyz 0 0 0))
      (scale (xyz 1 1 1))
      (rotate (xyz 0 0 0))
    )
  )

  (module Diodes_SMD:D_0805 (layer F.Cu) (tedit 590CE9A4) (tstamp 5C047F4C)
    (at 158.75 140.97 270)
    (descr "Diode SMD in 0805 package http://datasheets.avx.com/schottky.pdf")
    (tags "smd diode")
    (path /5C1A41B0/5C1ACD66)
    (attr smd)
    (fp_text reference FB401 (at 0 -1.6 270) (layer F.SilkS)
      (effects (font (size 1 1) (thickness 0.15)))
    )
    (fp_text value MH2029-400Y (at 0 1.7 270) (layer F.Fab)
      (effects (font (size 1 1) (thickness 0.15)))
    )
    (fp_line (start -1.6 -0.8) (end 1 -0.8) (layer F.SilkS) (width 0.12))
    (fp_line (start -1.6 0.8) (end 1 0.8) (layer F.SilkS) (width 0.12))
    (fp_line (start -1 -0.65) (end 1 -0.65) (layer F.Fab) (width 0.1))
    (fp_line (start 1 -0.65) (end 1 0.65) (layer F.Fab) (width 0.1))
    (fp_line (start 1 0.65) (end -1 0.65) (layer F.Fab) (width 0.1))
    (fp_line (start -1 0.65) (end -1 -0.65) (layer F.Fab) (width 0.1))
    (fp_line (start 0.2 -0.2) (end -0.1 0) (layer F.Fab) (width 0.1))
    (fp_line (start -0.1 0) (end 0.2 0.2) (layer F.Fab) (width 0.1))
    (fp_line (start 0.2 0.2) (end 0.2 -0.2) (layer F.Fab) (width 0.1))
    (fp_line (start -0.1 -0.2) (end -0.1 0.2) (layer F.Fab) (width 0.1))
    (fp_line (start -0.1 0) (end -0.3 0) (layer F.Fab) (width 0.1))
    (fp_line (start 0.2 0) (end 0.4 0) (layer F.Fab) (width 0.1))
    (fp_line (start -1.7 -0.88) (end 1.7 -0.88) (layer F.CrtYd) (width 0.05))
    (fp_line (start 1.7 -0.88) (end 1.7 0.88) (layer F.CrtYd) (width 0.05))
    (fp_line (start 1.7 0.88) (end -1.7 0.88) (layer F.CrtYd) (width 0.05))
    (fp_line (start -1.7 0.88) (end -1.7 -0.88) (layer F.CrtYd) (width 0.05))
    (fp_line (start -1.6 -0.8) (end -1.6 0.8) (layer F.SilkS) (width 0.12))
    (fp_text user %R (at 0 -1.6 270) (layer F.Fab)
      (effects (font (size 1 1) (thickness 0.15)))
    )
    (pad 2 smd rect (at 1.05 0 270) (size 0.8 0.9) (layers F.Cu F.Paste F.Mask)
      (net 4 VBUS))
    (pad 1 smd rect (at -1.05 0 270) (size 0.8 0.9) (layers F.Cu F.Paste F.Mask)
      (net 16 "Net-(D401-Pad2)"))
    (model ${KISYS3DMOD}/Diodes_SMD.3dshapes/D_0805.wrl
      (at (xyz 0 0 0))
      (scale (xyz 1 1 1))
      (rotate (xyz 0 0 0))
    )
  )

  (module Pin_Headers:Pin_Header_Straight_1x15_Pitch2.54mm (layer F.Cu) (tedit 59650532) (tstamp 5C047F6F)
    (at 88.9 52.07 90)
    (descr "Through hole straight pin header, 1x15, 2.54mm pitch, single row")
    (tags "Through hole pin header THT 1x15 2.54mm single row")
    (path /5BF95C47/5C00E308)
    (fp_text reference J201 (at 0 -2.33 90) (layer F.SilkS)
      (effects (font (size 1 1) (thickness 0.15)))
    )
    (fp_text value Conn_01x15_Male (at 0 37.89 90) (layer F.Fab)
      (effects (font (size 1 1) (thickness 0.15)))
    )
    (fp_line (start -0.635 -1.27) (end 1.27 -1.27) (layer F.Fab) (width 0.1))
    (fp_line (start 1.27 -1.27) (end 1.27 36.83) (layer F.Fab) (width 0.1))
    (fp_line (start 1.27 36.83) (end -1.27 36.83) (layer F.Fab) (width 0.1))
    (fp_line (start -1.27 36.83) (end -1.27 -0.635) (layer F.Fab) (width 0.1))
    (fp_line (start -1.27 -0.635) (end -0.635 -1.27) (layer F.Fab) (width 0.1))
    (fp_line (start -1.33 36.89) (end 1.33 36.89) (layer F.SilkS) (width 0.12))
    (fp_line (start -1.33 1.27) (end -1.33 36.89) (layer F.SilkS) (width 0.12))
    (fp_line (start 1.33 1.27) (end 1.33 36.89) (layer F.SilkS) (width 0.12))
    (fp_line (start -1.33 1.27) (end 1.33 1.27) (layer F.SilkS) (width 0.12))
    (fp_line (start -1.33 0) (end -1.33 -1.33) (layer F.SilkS) (width 0.12))
    (fp_line (start -1.33 -1.33) (end 0 -1.33) (layer F.SilkS) (width 0.12))
    (fp_line (start -1.8 -1.8) (end -1.8 37.35) (layer F.CrtYd) (width 0.05))
    (fp_line (start -1.8 37.35) (end 1.8 37.35) (layer F.CrtYd) (width 0.05))
    (fp_line (start 1.8 37.35) (end 1.8 -1.8) (layer F.CrtYd) (width 0.05))
    (fp_line (start 1.8 -1.8) (end -1.8 -1.8) (layer F.CrtYd) (width 0.05))
    (fp_text user %R (at 0 17.78 180) (layer F.Fab)
      (effects (font (size 1 1) (thickness 0.15)))
    )
    (pad 1 thru_hole rect (at 0 0 90) (size 1.7 1.7) (drill 1) (layers *.Cu *.Mask)
      (net 17 "/OPAMPS and MOSFET/ADC_OUT"))
    (pad 2 thru_hole oval (at 0 2.54 90) (size 1.7 1.7) (drill 1) (layers *.Cu *.Mask)
      (net 2 GND))
    (pad 3 thru_hole oval (at 0 5.08 90) (size 1.7 1.7) (drill 1) (layers *.Cu *.Mask)
      (net 1 +3V3))
    (pad 4 thru_hole oval (at 0 7.62 90) (size 1.7 1.7) (drill 1) (layers *.Cu *.Mask)
      (net 18 /ESP8266-E12/GPIO10))
    (pad 5 thru_hole oval (at 0 10.16 90) (size 1.7 1.7) (drill 1) (layers *.Cu *.Mask)
      (net 19 /ESP8266-E12/GPIO9))
    (pad 6 thru_hole oval (at 0 12.7 90) (size 1.7 1.7) (drill 1) (layers *.Cu *.Mask)
      (net 20 /ESP8266-E12/GPIO11))
    (pad 7 thru_hole oval (at 0 15.24 90) (size 1.7 1.7) (drill 1) (layers *.Cu *.Mask)
      (net 21 /ESP8266-E12/GPIO8))
    (pad 8 thru_hole oval (at 0 17.78 90) (size 1.7 1.7) (drill 1) (layers *.Cu *.Mask)
      (net 22 /ESP8266-E12/GPIO7))
    (pad 9 thru_hole oval (at 0 20.32 90) (size 1.7 1.7) (drill 1) (layers *.Cu *.Mask)
      (net 23 /ESP8266-E12/GPIO6))
    (pad 10 thru_hole oval (at 0 22.86 90) (size 1.7 1.7) (drill 1) (layers *.Cu *.Mask)
      (net 2 GND))
