(kicad_pcb (version 20171130) (host pcbnew 5.0.2-bee76a0~70~ubuntu18.04.1)

  (general
    (thickness 1.6)
    (drawings 39)
    (tracks 852)
    (zones 0)
    (modules 72)
    (nets 70)
  )

  (page A4)
  (layers
    (0 F.Cu signal)
    (31 B.Cu signal)
    (32 B.Adhes user)
    (33 F.Adhes user)
    (34 B.Paste user)
    (35 F.Paste user)
    (36 B.SilkS user)
    (37 F.SilkS user)
    (38 B.Mask user)
    (39 F.Mask user)
    (40 Dwgs.User user)
    (41 Cmts.User user)
    (42 Eco1.User user)
    (43 Eco2.User user)
    (44 Edge.Cuts user)
    (45 Margin user)
    (46 B.CrtYd user)
    (47 F.CrtYd user)
    (48 B.Fab user)
    (49 F.Fab user hide)
  )

  (setup
    (last_trace_width 0.25)
    (user_trace_width 0.5)
    (user_trace_width 1)
    (user_trace_width 1.5)
    (trace_clearance 0.2)
    (zone_clearance 0.508)
    (zone_45_only no)
    (trace_min 0.2)
    (segment_width 0.2)
    (edge_width 0.15)
    (via_size 0.8)
    (via_drill 0.4)
    (via_min_size 0.4)
    (via_min_drill 0.3)
    (uvia_size 0.3)
    (uvia_drill 0.1)
    (uvias_allowed no)
    (uvia_min_size 0.2)
    (uvia_min_drill 0.1)
    (pcb_text_width 0.3)
    (pcb_text_size 1.5 1.5)
    (mod_edge_width 0.15)
    (mod_text_size 1 1)
    (mod_text_width 0.15)
    (pad_size 1.524 1.524)
    (pad_drill 0.762)
    (pad_to_mask_clearance 0.051)
    (solder_mask_min_width 0.25)
    (aux_axis_origin 0 0)
    (visible_elements FFFFFF7F)
    (pcbplotparams
      (layerselection 0x010f0_ffffffff)
      (usegerberextensions true)
      (usegerberattributes false)
      (usegerberadvancedattributes false)
      (creategerberjobfile false)
      (excludeedgelayer true)
      (linewidth 0.100000)
      (plotframeref false)
      (viasonmask false)
      (mode 1)
      (useauxorigin false)
      (hpglpennumber 1)
      (hpglpenspeed 20)
      (hpglpendiameter 15.000000)
      (psnegative false)
      (psa4output false)
      (plotreference true)
      (plotvalue true)
      (plotinvisibletext false)
      (padsonsilk false)
      (subtractmaskfromsilk false)
      (outputformat 1)
      (mirror false)
      (drillshape 0)
      (scaleselection 1)
      (outputdirectory "gerber/"))
  )

  (net 0 "")
  (net 1 +3V3)
  (net 2 GND)
  (net 3 "Net-(C301-Pad1)")
  (net 4 VBUS)
  (net 5 +5V)
  (net 6 "Net-(C407-Pad1)")
  (net 7 "Net-(C407-Pad2)")
  (net 8 "Net-(C408-Pad2)")
  (net 9 +10V)
  (net 10 "Net-(D201-Pad2)")
  (net 11 /ESP8266-E12/GPIO16)
  (net 12 "Net-(D301-Pad1)")
  (net 13 "Net-(D301-Pad2)")
  (net 14 "Net-(D302-Pad2)")
  (net 15 "Net-(D302-Pad1)")
  (net 16 "Net-(D401-Pad2)")
  (net 17 "/OPAMPS and MOSFET/ADC_OUT")
  (net 18 /ESP8266-E12/GPIO10)
  (net 19 /ESP8266-E12/GPIO9)
  (net 20 /ESP8266-E12/GPIO11)
  (net 21 /ESP8266-E12/GPIO8)
  (net 22 /ESP8266-E12/GPIO7)
  (net 23 /ESP8266-E12/GPIO6)
  (net 24 "/USB to UART/ESP_RESET")
  (net 25 /ESP8266-E12/CH_PD)
  (net 26 "/external DAC/DAC_SPI_CS")
  (net 27 "/external DAC/DAC_SPI_DI")
  (net 28 /ESP8266-E12/ESP_SPI_MISO)
  (net 29 "/external DAC/DAC_SPI_CLK")
  (net 30 /ESP8266-E12/GPIO2)
  (net 31 /ESP8266-E12/ESP_GPIO0)
  (net 32 /ESP8266-E12/GPIO4)
  (net 33 /ESP8266-E12/GPIO5)
  (net 34 "/USB to UART/D_N")
  (net 35 "/USB to UART/D_P")
  (net 36 "Net-(J301-Pad4)")
  (net 37 "Net-(J501-Pad1)")
  (net 38 "Net-(Q301-Pad1)")
  (net 39 "/USB to UART/RTS")
  (net 40 "/USB to UART/DTR")
  (net 41 "Net-(Q302-Pad1)")
  (net 42 "Net-(Q501-Pad3)")
  (net 43 "Net-(R202-Pad2)")
  (net 44 "Net-(R209-Pad2)")
  (net 45 "Net-(R303-Pad2)")
  (net 46 "Net-(R502-Pad1)")
  (net 47 "Net-(R503-Pad1)")
  (net 48 "/OPAMPS and MOSFET/DAC_IN")
  (net 49 "Net-(R504-Pad1)")
  (net 50 "Net-(R601-Pad2)")
  (net 51 "Net-(R602-Pad2)")
  (net 52 "Net-(U301-Pad28)")
  (net 53 "Net-(U301-Pad27)")
  (net 54 "Net-(U301-Pad26)")
  (net 55 "Net-(U301-Pad19)")
  (net 56 "Net-(U301-Pad13)")
  (net 57 "Net-(U301-Pad12)")
  (net 58 "Net-(U301-Pad11)")
  (net 59 "Net-(U301-Pad10)")
  (net 60 "Net-(U301-Pad9)")
  (net 61 "Net-(U301-Pad6)")
  (net 62 /ESP8266-E12/ESP_TXD0)
  (net 63 /ESP8266-E12/ESP_RXD0)
  (net 64 "Net-(U402-Pad7)")
  (net 65 "Net-(U402-Pad1)")
  (net 66 "Net-(U501-Pad14)")
  (net 67 "Net-(U501-Pad13)")
  (net 68 "Net-(U501-Pad12)")
  (net 69 "Net-(Q501-Pad1)")

  (net_class Default "This is the default net class."
    (clearance 0.2)
    (trace_width 0.25)
    (via_dia 0.8)
    (via_drill 0.4)
    (uvia_dia 0.3)
    (uvia_drill 0.1)
    (add_net +10V)
    (add_net +3V3)
    (add_net +5V)
    (add_net /ESP8266-E12/CH_PD)
    (add_net /ESP8266-E12/ESP_GPIO0)
    (add_net /ESP8266-E12/ESP_RXD0)
    (add_net /ESP8266-E12/ESP_SPI_MISO)
    (add_net /ESP8266-E12/ESP_TXD0)
    (add_net /ESP8266-E12/GPIO10)
    (add_net /ESP8266-E12/GPIO11)
    (add_net /ESP8266-E12/GPIO16)
    (add_net /ESP8266-E12/GPIO2)
    (add_net /ESP8266-E12/GPIO4)
    (add_net /ESP8266-E12/GPIO5)
    (add_net /ESP8266-E12/GPIO6)
    (add_net /ESP8266-E12/GPIO7)
    (add_net /ESP8266-E12/GPIO8)
    (add_net /ESP8266-E12/GPIO9)
    (add_net "/OPAMPS and MOSFET/ADC_OUT")
    (add_net "/OPAMPS and MOSFET/DAC_IN")
    (add_net "/USB to UART/DTR")
    (add_net "/USB to UART/D_N")
    (add_net "/USB to UART/D_P")
    (add_net "/USB to UART/ESP_RESET")
    (add_net "/USB to UART/RTS")
    (add_net "/external DAC/DAC_SPI_CLK")
    (add_net "/external DAC/DAC_SPI_CS")
    (add_net "/external DAC/DAC_SPI_DI")
    (add_net GND)
    (add_net "Net-(C301-Pad1)")
    (add_net "Net-(C407-Pad1)")
    (add_net "Net-(C407-Pad2)")
    (add_net "Net-(C408-Pad2)")
    (add_net "Net-(D201-Pad2)")
    (add_net "Net-(D301-Pad1)")
    (add_net "Net-(D301-Pad2)")
    (add_net "Net-(D302-Pad1)")
    (add_net "Net-(D302-Pad2)")
    (add_net "Net-(D401-Pad2)")
    (add_net "Net-(J301-Pad4)")
    (add_net "Net-(J501-Pad1)")
    (add_net "Net-(Q301-Pad1)")
    (add_net "Net-(Q302-Pad1)")
    (add_net "Net-(Q501-Pad1)")
    (add_net "Net-(Q501-Pad3)")
    (add_net "Net-(R202-Pad2)")
    (add_net "Net-(R209-Pad2)")
    (add_net "Net-(R303-Pad2)")
    (add_net "Net-(R502-Pad1)")
    (add_net "Net-(R503-Pad1)")
    (add_net "Net-(R504-Pad1)")
    (add_net "Net-(R601-Pad2)")
    (add_net "Net-(R602-Pad2)")
    (add_net "Net-(U301-Pad10)")
    (add_net "Net-(U301-Pad11)")
    (add_net "Net-(U301-Pad12)")
    (add_net "Net-(U301-Pad13)")
    (add_net "Net-(U301-Pad19)")
    (add_net "Net-(U301-Pad26)")
    (add_net "Net-(U301-Pad27)")
    (add_net "Net-(U301-Pad28)")
    (add_net "Net-(U301-Pad6)")
    (add_net "Net-(U301-Pad9)")
    (add_net "Net-(U402-Pad1)")
    (add_net "Net-(U402-Pad7)")
    (add_net "Net-(U501-Pad12)")
    (add_net "Net-(U501-Pad13)")
    (add_net "Net-(U501-Pad14)")
    (add_net VBUS)
  )

  (module mod_conn_pc:conn_usb_B_micro_smd-3 (layer F.Cu) (tedit 5C181026) (tstamp 5C047FA9)
    (at 162.052 149.86)
    (descr "USB B micro SMD connector with retention pins")
    (path /5C0B06CC/5C0B085D)
    (fp_text reference J301 (at 3.556 -4.064 180) (layer F.SilkS) hide
      (effects (font (size 0.50038 0.50038) (thickness 0.09906)))
    )
    (fp_text value USB_B_Micro (at 0 -4.0005) (layer F.SilkS) hide
      (effects (font (size 0.50038 0.50038) (thickness 0.09906)))
    )
    (fp_line (start -4.20116 1.99898) (end 4.20116 1.99898) (layer F.SilkS) (width 0.20066))
    (fp_line (start -4.20116 2.10058) (end 4.20116 2.10058) (layer F.SilkS) (width 0.20066))
    (fp_line (start 4.20116 2.10058) (end 4.20116 1.89992) (layer F.SilkS) (width 0.20066))
    (fp_line (start 4.20116 1.89992) (end -4.20116 1.89992) (layer F.SilkS) (width 0.20066))
    (fp_line (start -4.20116 1.89992) (end -4.20116 2.10058) (layer F.SilkS) (width 0.20066))
    (fp_line (start -3.8989 2.10058) (end -3.8989 -2.90068) (layer F.SilkS) (width 0.20066))
    (fp_line (start -3.8989 -2.90068) (end 3.8989 -2.90068) (layer F.SilkS) (width 0.20066))
    (fp_line (start 3.8989 -2.90068) (end 3.8989 2.10058) (layer F.SilkS) (width 0.20066))
    (pad "" smd rect (at -1.19888 0) (size 1.89738 1.89738) (layers F.Cu F.Paste F.Mask))
    (pad "" smd rect (at 1.19888 0) (size 1.89738 1.89738) (layers F.Cu F.Paste F.Mask))
    (pad "" smd rect (at 3.9497 0) (size 1.89738 1.89738) (layers F.Cu F.Paste F.Mask))
    (pad "" smd rect (at -3.9497 0) (size 1.89738 1.89738) (layers F.Cu F.Paste F.Mask))
    (pad 1 smd rect (at -1.30048 -2.67462) (size 0.39878 1.34874) (layers F.Cu F.Paste F.Mask)
      (net 4 VBUS))
    (pad 2 smd rect (at -0.6477 -2.67462) (size 0.39878 1.3462) (layers F.Cu F.Paste F.Mask)
      (net 34 "/USB to UART/D_N"))
    (pad 3 smd rect (at 0 -2.67462) (size 0.39878 1.3462) (layers F.Cu F.Paste F.Mask)
      (net 35 "/USB to UART/D_P"))
    (pad 4 smd rect (at 0.6477 -2.67462) (size 0.39878 1.3462) (layers F.Cu F.Paste F.Mask)
      (net 36 "Net-(J301-Pad4)"))
    (pad 5 smd rect (at 1.30048 -2.67462) (size 0.39878 1.3462) (layers F.Cu F.Paste F.Mask)
      (net 2 GND))
    (pad "" np_thru_hole circle (at 1.89738 -2.1463) (size 0.79756 0.79756) (drill 0.79756) (layers *.Cu *.Mask F.SilkS))
    (pad "" np_thru_hole circle (at -1.89992 -2.14884) (size 0.79756 0.79756) (drill 0.79756) (layers *.Cu *.Mask F.SilkS))
    (model walter/conn_pc/usb_B_micro_smd-2.wrl
      (at (xyz 0 0 0))
      (scale (xyz 1 1 1))
      (rotate (xyz 0 0 0))
    )
    (model ${KISYS3DMOD}/conn_pc/usb_B_micro_smd.wrl
      (at (xyz 0 0 0))
      (scale (xyz 1 1 1))
      (rotate (xyz 0 0 0))
    )
  )

  (module Resistors_THT:R_Axial_Power_L20.0mm_W6.4mm_P30.48mm (layer F.Cu) (tedit 5874F706) (tstamp 5C0481D5)
    (at 107.95 116.84 270)
    (descr "Resistor, Axial_Power series, Axial, Horizontal, pin pitch=30.48mm, 4W, length*diameter=20*6.4mm^2, http://cdn-reichelt.de/documents/datenblatt/B400/5WAXIAL_9WAXIAL_11WAXIAL_17WAXIAL%23YAG.pdf")
    (tags "Resistor Axial_Power series Axial Horizontal pin pitch 30.48mm 4W length 20mm diameter 6.4mm")
    (path /5C1A4917/5C1B4AB1)
    (fp_text reference R508 (at 15.24 1.778 270) (layer F.SilkS)
      (effects (font (size 1 1) (thickness 0.15)))
    )
    (fp_text value 10Ω/1W (at 15.24 4.26 270) (layer F.Fab)
      (effects (font (size 1 1) (thickness 0.15)))
    )
    (fp_line (start 31.95 -3.55) (end -1.45 -3.55) (layer F.CrtYd) (width 0.05))
    (fp_line (start 31.95 3.55) (end 31.95 -3.55) (layer F.CrtYd) (width 0.05))
    (fp_line (start -1.45 3.55) (end 31.95 3.55) (layer F.CrtYd) (width 0.05))
    (fp_line (start -1.45 -3.55) (end -1.45 3.55) (layer F.CrtYd) (width 0.05))
    (fp_line (start 29.1 0) (end 25.3 0) (layer F.SilkS) (width 0.12))
    (fp_line (start 1.38 0) (end 5.18 0) (layer F.SilkS) (width 0.12))
    (fp_line (start 25.3 -3.26) (end 5.18 -3.26) (layer F.SilkS) (width 0.12))
    (fp_line (start 25.3 3.26) (end 25.3 -3.26) (layer F.SilkS) (width 0.12))
    (fp_line (start 5.18 3.26) (end 25.3 3.26) (layer F.SilkS) (width 0.12))
    (fp_line (start 5.18 -3.26) (end 5.18 3.26) (layer F.SilkS) (width 0.12))
    (fp_line (start 30.48 0) (end 25.24 0) (layer F.Fab) (width 0.1))
    (fp_line (start 0 0) (end 5.24 0) (layer F.Fab) (width 0.1))
    (fp_line (start 25.24 -3.2) (end 5.24 -3.2) (layer F.Fab) (width 0.1))
    (fp_line (start 25.24 3.2) (end 25.24 -3.2) (layer F.Fab) (width 0.1))
    (fp_line (start 5.24 3.2) (end 25.24 3.2) (layer F.Fab) (width 0.1))
    (fp_line (start 5.24 -3.2) (end 5.24 3.2) (layer F.Fab) (width 0.1))
    (pad 2 thru_hole oval (at 30.48 0 270) (size 2.4 2.4) (drill 1.2) (layers *.Cu *.Mask)
      (net 2 GND))
    (pad 1 thru_hole circle (at 0 0 270) (size 2.4 2.4) (drill 1.2) (layers *.Cu *.Mask)
      (net 42 "Net-(Q501-Pad3)"))
    (model ${KISYS3DMOD}/Resistors_THT.3dshapes/R_Axial_Power_L20.0mm_W6.4mm_P30.48mm.wrl
      (at (xyz 0 0 0))
      (scale (xyz 0.393701 0.393701 0.393701))
      (rotate (xyz 0 0 0))
    )
    (model ${KISYS3DMOD}/Resistor_THT.3dshapes/R_Axial_DIN0922_L20.0mm_D9.0mm_P30.48mm_Horizontal.step
      (at (xyz 0 0 0))
      (scale (xyz 1 1 1))
      (rotate (xyz 0 0 0))
    )
  )

  (module Capacitors_SMD:C_0805_HandSoldering (layer F.Cu) (tedit 5C17E7AE) (tstamp 5C047E88)
    (at 158.496 136.525 270)
    (descr "Capacitor SMD 0805, hand soldering")
    (tags "capacitor 0805")
    (path /5C1A41B0/5C1ACD58)
    (attr smd)
    (fp_text reference C405 (at 4.191 0 270) (layer F.SilkS)
      (effects (font (size 1 1) (thickness 0.15)))
    )
    (fp_text value 10uF (at 0 1.75 270) (layer F.Fab)
      (effects (font (size 1 1) (thickness 0.15)))
    )
    (fp_line (start 2.25 0.87) (end -2.25 0.87) (layer F.CrtYd) (width 0.05))
    (fp_line (start 2.25 0.87) (end 2.25 -0.88) (layer F.CrtYd) (width 0.05))
    (fp_line (start -2.25 -0.88) (end -2.25 0.87) (layer F.CrtYd) (width 0.05))
    (fp_line (start -2.25 -0.88) (end 2.25 -0.88) (layer F.CrtYd) (width 0.05))
    (fp_line (start -0.5 0.85) (end 0.5 0.85) (layer F.SilkS) (width 0.12))
    (fp_line (start 0.5 -0.85) (end -0.5 -0.85) (layer F.SilkS) (width 0.12))
    (fp_line (start -1 -0.62) (end 1 -0.62) (layer F.Fab) (width 0.1))
    (fp_line (start 1 -0.62) (end 1 0.62) (layer F.Fab) (width 0.1))
    (fp_line (start 1 0.62) (end -1 0.62) (layer F.Fab) (width 0.1))
    (fp_line (start -1 0.62) (end -1 -0.62) (layer F.Fab) (width 0.1))
    (fp_text user %R (at 0 -1.75 270) (layer F.Fab)
      (effects (font (size 1 1) (thickness 0.15)))
    )
    (pad 2 smd rect (at 1.25 0 270) (size 1.5 1.25) (layers F.Cu F.Paste F.Mask)
      (net 2 GND))
    (pad 1 smd rect (at -1.25 0 270) (size 1.5 1.25) (layers F.Cu F.Paste F.Mask)
      (net 5 +5V))
    (model Capacitors_SMD.3dshapes/C_0805.wrl
      (at (xyz 0 0 0))
      (scale (xyz 1 1 1))
      (rotate (xyz 0 0 0))
    )
    (model ${KISYS3DMOD}/Capacitor_SMD.3dshapes/C_0805_2012Metric.step
      (at (xyz 0 0 0))
      (scale (xyz 1 1 1))
      (rotate (xyz 0 0 0))
    )
  )

  (module Heatsinks:Heatsink_Fischer_SK104-STCB_35x13mm__2xDrill3.5mm_ScrewM3 (layer F.Cu) (tedit 5C180E71) (tstamp 5C0740B7)
    (at 68.58 124.46 90)
    (descr "Heatsink, 35mm x 13mm, 2x Fixation Screw M3, Fischer SK104-STCB,")
    (tags "Heatsink, 35mm x 13mm, 2x Fixation Screw M3, Fischer SK104-STCB, Kuehlkoerper,  Strangkuehlkoerper, Schraubbefestigung, Screwed, for TO-220")
    (path /5C1A4917/5C072182)
    (fp_text reference HS501 (at 0 0 90) (layer F.SilkS) hide
      (effects (font (size 1 1) (thickness 0.15)))
    )
    (fp_text value Heatsink (at 1.975 9 90) (layer F.Fab)
      (effects (font (size 1 1) (thickness 0.15)))
    )
    (fp_line (start 8.001 -0.762) (end 8.001 -6.35) (layer F.SilkS) (width 0.15))
    (fp_line (start 0 -0.762) (end 8.001 -0.762) (layer F.SilkS) (width 0.15))
    (fp_line (start -8.001 -0.762) (end -8.001 -6.35) (layer F.SilkS) (width 0.15))
    (fp_line (start 0 -0.762) (end -8.001 -0.762) (layer F.SilkS) (width 0.15))
    (fp_line (start 8.001 0.762) (end 8.001 6.35) (layer F.SilkS) (width 0.15))
    (fp_line (start 0 0.762) (end 8.001 0.762) (layer F.SilkS) (width 0.15))
    (fp_line (start -8.001 0.762) (end -8.001 6.35) (layer F.SilkS) (width 0.15))
    (fp_line (start 0 0.762) (end -8.001 0.762) (layer F.SilkS) (width 0.15))
    (fp_line (start -17.526 -3.302) (end -15.24 -2.54) (layer F.SilkS) (width 0.15))
    (fp_line (start -17.526 3.302) (end -15.24 2.54) (layer F.SilkS) (width 0.15))
    (fp_line (start -17.653 -3.302) (end -15.875 -1.778) (layer F.SilkS) (width 0.15))
    (fp_line (start -17.526 3.302) (end -15.748 1.905) (layer F.SilkS) (width 0.15))
    (fp_line (start -8.509 -6.35) (end -10.033 -2.667) (layer F.SilkS) (width 0.15))
    (fp_line (start -8.001 -6.35) (end -8.509 -6.35) (layer F.SilkS) (width 0.15))
    (fp_line (start -8.509 6.35) (end -10.16 2.54) (layer F.SilkS) (width 0.15))
    (fp_line (start 8.509 -6.35) (end 10.16 -2.667) (layer F.SilkS) (width 0.15))
    (fp_line (start 8.509 6.35) (end 10.033 2.667) (layer F.SilkS) (width 0.15))
    (fp_line (start 10.16 -2.667) (end 12.7 -6.35) (layer F.SilkS) (width 0.15))
    (fp_line (start 17.526 -6.35) (end 15.24 -2.54) (layer F.SilkS) (width 0.15))
    (fp_line (start 17.399 -3.302) (end 15.875 -1.778) (layer F.SilkS) (width 0.15))
    (fp_line (start 15.24 -2.54) (end 17.399 -3.302) (layer F.SilkS) (width 0.15))
    (fp_line (start 17.526 6.35) (end 15.24 2.413) (layer F.SilkS) (width 0.15))
    (fp_line (start 17.526 3.302) (end 16.002 1.524) (layer F.SilkS) (width 0.15))
    (fp_line (start 15.24 2.413) (end 17.526 3.302) (layer F.SilkS) (width 0.15))
    (fp_line (start 12.065 3.556) (end 17.526 6.35) (layer F.SilkS) (width 0.15))
    (fp_line (start 12.7 6.35) (end 12.065 3.556) (layer F.SilkS) (width 0.15))
    (fp_line (start 10.033 2.667) (end 12.7 6.35) (layer F.SilkS) (width 0.15))
    (fp_line (start 8.001 6.35) (end 8.509 6.35) (layer F.SilkS) (width 0.15))
    (fp_line (start 8.001 -6.35) (end 8.382 -6.35) (layer F.SilkS) (width 0.15))
    (fp_line (start -15.24 -2.54) (end -17.526 -6.35) (layer F.SilkS) (width 0.15))
    (fp_line (start -15.24 2.54) (end -17.526 6.35) (layer F.SilkS) (width 0.15))
    (fp_line (start -12.192 3.683) (end -17.526 6.35) (layer F.SilkS) (width 0.15))
    (fp_line (start -12.7 6.35) (end -12.192 3.683) (layer F.SilkS) (width 0.15))
    (fp_line (start -10.16 2.667) (end -12.7 6.35) (layer F.SilkS) (width 0.15))
    (fp_line (start -12.192 -3.556) (end -17.526 -6.35) (layer F.SilkS) (width 0.15))
    (fp_line (start -12.7 -6.35) (end -12.192 -3.556) (layer F.SilkS) (width 0.15))
    (fp_line (start -10.033 -2.667) (end -12.7 -6.35) (layer F.SilkS) (width 0.15))
    (fp_line (start 12.065 -3.556) (end 12.7 -6.35) (layer F.SilkS) (width 0.15))
    (fp_line (start 17.526 -6.35) (end 12.065 -3.556) (layer F.SilkS) (width 0.15))
    (fp_line (start -8.509 6.35) (end -8.001 6.35) (layer F.SilkS) (width 0.15))
    (fp_line (start 1.778 -0.762) (end 1.778 0.762) (layer F.SilkS) (width 0.15))
    (fp_line (start -1.778 -0.762) (end -1.778 0.762) (layer F.SilkS) (width 0.15))
    (pad 1 thru_hole circle (at -12.7 0 90) (size 5.99948 5.99948) (drill 3.50012) (layers *.Cu *.Mask))
    (pad 1 thru_hole circle (at 12.7 0 90) (size 5.99948 5.99948) (drill 3.50012) (layers *.Cu *.Mask))
    (model ${KISYS3DMOD}/details/hs_14cw_to220.wrl
      (at (xyz 0 0 0))
      (scale (xyz 1 1 1))
      (rotate (xyz 0 0 0))
    )
  )

  (module Capacitors_SMD:C_0805_HandSoldering (layer F.Cu) (tedit 58AA84A8) (tstamp 5C047E11)
    (at 113.538 86.868)
    (descr "Capacitor SMD 0805, hand soldering")
    (tags "capacitor 0805")
    (path /5BF95C47/5C00576B)
    (attr smd)
    (fp_text reference C201 (at -4.338 0.254) (layer F.SilkS)
      (effects (font (size 1 1) (thickness 0.15)))
    )
    (fp_text value 1u (at 0 1.75) (layer F.Fab)
      (effects (font (size 1 1) (thickness 0.15)))
    )
    (fp_line (start 2.25 0.87) (end -2.25 0.87) (layer F.CrtYd) (width 0.05))
    (fp_line (start 2.25 0.87) (end 2.25 -0.88) (layer F.CrtYd) (width 0.05))
    (fp_line (start -2.25 -0.88) (end -2.25 0.87) (layer F.CrtYd) (width 0.05))
    (fp_line (start -2.25 -0.88) (end 2.25 -0.88) (layer F.CrtYd) (width 0.05))
    (fp_line (start -0.5 0.85) (end 0.5 0.85) (layer F.SilkS) (width 0.12))
    (fp_line (start 0.5 -0.85) (end -0.5 -0.85) (layer F.SilkS) (width 0.12))
    (fp_line (start -1 -0.62) (end 1 -0.62) (layer F.Fab) (width 0.1))
    (fp_line (start 1 -0.62) (end 1 0.62) (layer F.Fab) (width 0.1))
    (fp_line (start 1 0.62) (end -1 0.62) (layer F.Fab) (width 0.1))
    (fp_line (start -1 0.62) (end -1 -0.62) (layer F.Fab) (width 0.1))
    (fp_text user %R (at 0 -1.75) (layer F.Fab)
      (effects (font (size 1 1) (thickness 0.15)))
    )
    (pad 2 smd rect (at 1.25 0) (size 1.5 1.25) (layers F.Cu F.Paste F.Mask)
      (net 1 +3V3))
    (pad 1 smd rect (at -1.25 0) (size 1.5 1.25) (layers F.Cu F.Paste F.Mask)
      (net 2 GND))
    (model Capacitors_SMD.3dshapes/C_0805.wrl
      (at (xyz 0 0 0))
      (scale (xyz 1 1 1))
      (rotate (xyz 0 0 0))
    )
    (model ${KISYS3DMOD}/Capacitor_SMD.3dshapes/C_0805_2012Metric.step
      (at (xyz 0 0 0))
      (scale (xyz 1 1 1))
      (rotate (xyz 0 0 0))
    )
  )

  (module Capacitors_SMD:C_0805_HandSoldering (layer F.Cu) (tedit 58AA84A8) (tstamp 5C047E22)
    (at 113.538 89.154)
    (descr "Capacitor SMD 0805, hand soldering")
    (tags "capacitor 0805")
    (path /5BF95C47/5C01164E)
    (attr smd)
    (fp_text reference C202 (at -4.318 0.254) (layer F.SilkS)
      (effects (font (size 1 1) (thickness 0.15)))
    )
    (fp_text value 100n (at 0 1.75) (layer F.Fab)
      (effects (font (size 1 1) (thickness 0.15)))
    )
    (fp_text user %R (at 0 -1.75) (layer F.Fab)
      (effects (font (size 1 1) (thickness 0.15)))
    )
    (fp_line (start -1 0.62) (end -1 -0.62) (layer F.Fab) (width 0.1))
    (fp_line (start 1 0.62) (end -1 0.62) (layer F.Fab) (width 0.1))
    (fp_line (start 1 -0.62) (end 1 0.62) (layer F.Fab) (width 0.1))
    (fp_line (start -1 -0.62) (end 1 -0.62) (layer F.Fab) (width 0.1))
    (fp_line (start 0.5 -0.85) (end -0.5 -0.85) (layer F.SilkS) (width 0.12))
    (fp_line (start -0.5 0.85) (end 0.5 0.85) (layer F.SilkS) (width 0.12))
    (fp_line (start -2.25 -0.88) (end 2.25 -0.88) (layer F.CrtYd) (width 0.05))
    (fp_line (start -2.25 -0.88) (end -2.25 0.87) (layer F.CrtYd) (width 0.05))
    (fp_line (start 2.25 0.87) (end 2.25 -0.88) (layer F.CrtYd) (width 0.05))
    (fp_line (start 2.25 0.87) (end -2.25 0.87) (layer F.CrtYd) (width 0.05))
    (pad 1 smd rect (at -1.25 0) (size 1.5 1.25) (layers F.Cu F.Paste F.Mask)
      (net 2 GND))
    (pad 2 smd rect (at 1.25 0) (size 1.5 1.25) (layers F.Cu F.Paste F.Mask)
      (net 1 +3V3))
    (model Capacitors_SMD.3dshapes/C_0805.wrl
      (at (xyz 0 0 0))
      (scale (xyz 1 1 1))
      (rotate (xyz 0 0 0))
    )
    (model ${KISYS3DMOD}/Capacitor_SMD.3dshapes/C_0805_2012Metric.step
      (at (xyz 0 0 0))
      (scale (xyz 1 1 1))
      (rotate (xyz 0 0 0))
    )
  )

  (module Capacitors_SMD:C_0805_HandSoldering (layer F.Cu) (tedit 58AA84A8) (tstamp 5C047E33)
    (at 168.275 127 90)
    (descr "Capacitor SMD 0805, hand soldering")
    (tags "capacitor 0805")
    (path /5C0B06CC/5C0BF5D4)
    (attr smd)
    (fp_text reference C301 (at 0 4.445 90) (layer F.SilkS)
      (effects (font (size 1 1) (thickness 0.15)))
    )
    (fp_text value 100nF (at 0 1.75 90) (layer F.Fab)
      (effects (font (size 1 1) (thickness 0.15)))
    )
    (fp_line (start 2.25 0.87) (end -2.25 0.87) (layer F.CrtYd) (width 0.05))
    (fp_line (start 2.25 0.87) (end 2.25 -0.88) (layer F.CrtYd) (width 0.05))
    (fp_line (start -2.25 -0.88) (end -2.25 0.87) (layer F.CrtYd) (width 0.05))
    (fp_line (start -2.25 -0.88) (end 2.25 -0.88) (layer F.CrtYd) (width 0.05))
    (fp_line (start -0.5 0.85) (end 0.5 0.85) (layer F.SilkS) (width 0.12))
    (fp_line (start 0.5 -0.85) (end -0.5 -0.85) (layer F.SilkS) (width 0.12))
    (fp_line (start -1 -0.62) (end 1 -0.62) (layer F.Fab) (width 0.1))
    (fp_line (start 1 -0.62) (end 1 0.62) (layer F.Fab) (width 0.1))
    (fp_line (start 1 0.62) (end -1 0.62) (layer F.Fab) (width 0.1))
    (fp_line (start -1 0.62) (end -1 -0.62) (layer F.Fab) (width 0.1))
    (fp_text user %R (at 0 -1.75 90) (layer F.Fab)
      (effects (font (size 1 1) (thickness 0.15)))
    )
    (pad 2 smd rect (at 1.25 0 90) (size 1.5 1.25) (layers F.Cu F.Paste F.Mask)
      (net 2 GND))
    (pad 1 smd rect (at -1.25 0 90) (size 1.5 1.25) (layers F.Cu F.Paste F.Mask)
      (net 3 "Net-(C301-Pad1)"))
    (model Capacitors_SMD.3dshapes/C_0805.wrl
      (at (xyz 0 0 0))
      (scale (xyz 1 1 1))
      (rotate (xyz 0 0 0))
    )
    (model ${KISYS3DMOD}/Capacitor_SMD.3dshapes/C_0805_2012Metric.step
      (at (xyz 0 0 0))
      (scale (xyz 1 1 1))
      (rotate (xyz 0 0 0))
    )
  )

  (module Capacitors_SMD:C_0805_HandSoldering (layer F.Cu) (tedit 58AA84A8) (tstamp 5C047E44)
    (at 154.432 147.32 90)
    (descr "Capacitor SMD 0805, hand soldering")
    (tags "capacitor 0805")
    (path /5C1A41B0/5C1ACD5F)
    (attr smd)
    (fp_text reference C401 (at 4.572 0 90) (layer F.SilkS)
      (effects (font (size 1 1) (thickness 0.15)))
    )
    (fp_text value 10nF (at 0 1.75 90) (layer F.Fab)
      (effects (font (size 1 1) (thickness 0.15)))
    )
    (fp_text user %R (at 0 -1.75 90) (layer F.Fab)
      (effects (font (size 1 1) (thickness 0.15)))
    )
    (fp_line (start -1 0.62) (end -1 -0.62) (layer F.Fab) (width 0.1))
    (fp_line (start 1 0.62) (end -1 0.62) (layer F.Fab) (width 0.1))
    (fp_line (start 1 -0.62) (end 1 0.62) (layer F.Fab) (width 0.1))
    (fp_line (start -1 -0.62) (end 1 -0.62) (layer F.Fab) (width 0.1))
    (fp_line (start 0.5 -0.85) (end -0.5 -0.85) (layer F.SilkS) (width 0.12))
    (fp_line (start -0.5 0.85) (end 0.5 0.85) (layer F.SilkS) (width 0.12))
    (fp_line (start -2.25 -0.88) (end 2.25 -0.88) (layer F.CrtYd) (width 0.05))
    (fp_line (start -2.25 -0.88) (end -2.25 0.87) (layer F.CrtYd) (width 0.05))
    (fp_line (start 2.25 0.87) (end 2.25 -0.88) (layer F.CrtYd) (width 0.05))
    (fp_line (start 2.25 0.87) (end -2.25 0.87) (layer F.CrtYd) (width 0.05))
    (pad 1 smd rect (at -1.25 0 90) (size 1.5 1.25) (layers F.Cu F.Paste F.Mask)
      (net 4 VBUS))
    (pad 2 smd rect (at 1.25 0 90) (size 1.5 1.25) (layers F.Cu F.Paste F.Mask)
      (net 2 GND))
    (model Capacitors_SMD.3dshapes/C_0805.wrl
      (at (xyz 0 0 0))
      (scale (xyz 1 1 1))
      (rotate (xyz 0 0 0))
    )
    (model ${KISYS3DMOD}/Capacitor_SMD.3dshapes/C_0805_2012Metric.step
      (at (xyz 0 0 0))
      (scale (xyz 1 1 1))
      (rotate (xyz 0 0 0))
    )
  )

  (module Capacitors_SMD:C_0805_HandSoldering (layer F.Cu) (tedit 58AA84A8) (tstamp 5C047E55)
    (at 146.05 133.35 270)
    (descr "Capacitor SMD 0805, hand soldering")
    (tags "capacitor 0805")
    (path /5C1A41B0/5C1A4352)
    (attr smd)
    (fp_text reference C402 (at 4.318 -0.254 270) (layer F.SilkS)
      (effects (font (size 1 1) (thickness 0.15)))
    )
    (fp_text value "10uF 25V" (at 0 1.75 270) (layer F.Fab)
      (effects (font (size 1 1) (thickness 0.15)))
    )
    (fp_text user %R (at 0 -1.75 270) (layer F.Fab)
      (effects (font (size 1 1) (thickness 0.15)))
    )
    (fp_line (start -1 0.62) (end -1 -0.62) (layer F.Fab) (width 0.1))
    (fp_line (start 1 0.62) (end -1 0.62) (layer F.Fab) (width 0.1))
    (fp_line (start 1 -0.62) (end 1 0.62) (layer F.Fab) (width 0.1))
    (fp_line (start -1 -0.62) (end 1 -0.62) (layer F.Fab) (width 0.1))
    (fp_line (start 0.5 -0.85) (end -0.5 -0.85) (layer F.SilkS) (width 0.12))
    (fp_line (start -0.5 0.85) (end 0.5 0.85) (layer F.SilkS) (width 0.12))
    (fp_line (start -2.25 -0.88) (end 2.25 -0.88) (layer F.CrtYd) (width 0.05))
    (fp_line (start -2.25 -0.88) (end -2.25 0.87) (layer F.CrtYd) (width 0.05))
    (fp_line (start 2.25 0.87) (end 2.25 -0.88) (layer F.CrtYd) (width 0.05))
    (fp_line (start 2.25 0.87) (end -2.25 0.87) (layer F.CrtYd) (width 0.05))
    (pad 1 smd rect (at -1.25 0 270) (size 1.5 1.25) (layers F.Cu F.Paste F.Mask)
      (net 5 +5V))
    (pad 2 smd rect (at 1.25 0 270) (size 1.5 1.25) (layers F.Cu F.Paste F.Mask)
      (net 2 GND))
    (model Capacitors_SMD.3dshapes/C_0805.wrl
      (at (xyz 0 0 0))
      (scale (xyz 1 1 1))
      (rotate (xyz 0 0 0))
    )
    (model ${KISYS3DMOD}/Capacitor_SMD.3dshapes/C_0805_2012Metric.step
      (at (xyz 0 0 0))
      (scale (xyz 1 1 1))
      (rotate (xyz 0 0 0))
    )
  )

  (module Capacitors_SMD:C_0805_HandSoldering (layer F.Cu) (tedit 58AA84A8) (tstamp 5C047E66)
    (at 156.464 136.525 270)
    (descr "Capacitor SMD 0805, hand soldering")
    (tags "capacitor 0805")
    (path /5C1A41B0/5C1ACD51)
    (attr smd)
    (fp_text reference C403 (at 4.191 0 270) (layer F.SilkS)
      (effects (font (size 1 1) (thickness 0.15)))
    )
    (fp_text value 100nF (at 0 1.75 270) (layer F.Fab)
      (effects (font (size 1 1) (thickness 0.15)))
    )
    (fp_text user %R (at 0 -1.75 270) (layer F.Fab)
      (effects (font (size 1 1) (thickness 0.15)))
    )
    (fp_line (start -1 0.62) (end -1 -0.62) (layer F.Fab) (width 0.1))
    (fp_line (start 1 0.62) (end -1 0.62) (layer F.Fab) (width 0.1))
    (fp_line (start 1 -0.62) (end 1 0.62) (layer F.Fab) (width 0.1))
    (fp_line (start -1 -0.62) (end 1 -0.62) (layer F.Fab) (width 0.1))
    (fp_line (start 0.5 -0.85) (end -0.5 -0.85) (layer F.SilkS) (width 0.12))
    (fp_line (start -0.5 0.85) (end 0.5 0.85) (layer F.SilkS) (width 0.12))
    (fp_line (start -2.25 -0.88) (end 2.25 -0.88) (layer F.CrtYd) (width 0.05))
    (fp_line (start -2.25 -0.88) (end -2.25 0.87) (layer F.CrtYd) (width 0.05))
    (fp_line (start 2.25 0.87) (end 2.25 -0.88) (layer F.CrtYd) (width 0.05))
    (fp_line (start 2.25 0.87) (end -2.25 0.87) (layer F.CrtYd) (width 0.05))
    (pad 1 smd rect (at -1.25 0 270) (size 1.5 1.25) (layers F.Cu F.Paste F.Mask)
      (net 5 +5V))
    (pad 2 smd rect (at 1.25 0 270) (size 1.5 1.25) (layers F.Cu F.Paste F.Mask)
      (net 2 GND))
    (model Capacitors_SMD.3dshapes/C_0805.wrl
      (at (xyz 0 0 0))
      (scale (xyz 1 1 1))
      (rotate (xyz 0 0 0))
    )
    (model ${KISYS3DMOD}/Capacitor_SMD.3dshapes/C_0805_2012Metric.step
      (at (xyz 0 0 0))
      (scale (xyz 1 1 1))
      (rotate (xyz 0 0 0))
    )
  )

  (module Capacitors_SMD:C_0805_HandSoldering (layer F.Cu) (tedit 58AA84A8) (tstamp 5C047E99)
    (at 159.131 120.396)
    (descr "Capacitor SMD 0805, hand soldering")
    (tags "capacitor 0805")
    (path /5C1A41B0/5C1B3086)
    (attr smd)
    (fp_text reference C406 (at 0 1.651) (layer F.SilkS)
      (effects (font (size 1 1) (thickness 0.15)))
    )
    (fp_text value 10uF (at 0 1.75) (layer F.Fab)
      (effects (font (size 1 1) (thickness 0.15)))
    )
    (fp_line (start 2.25 0.87) (end -2.25 0.87) (layer F.CrtYd) (width 0.05))
    (fp_line (start 2.25 0.87) (end 2.25 -0.88) (layer F.CrtYd) (width 0.05))
    (fp_line (start -2.25 -0.88) (end -2.25 0.87) (layer F.CrtYd) (width 0.05))
    (fp_line (start -2.25 -0.88) (end 2.25 -0.88) (layer F.CrtYd) (width 0.05))
    (fp_line (start -0.5 0.85) (end 0.5 0.85) (layer F.SilkS) (width 0.12))
    (fp_line (start 0.5 -0.85) (end -0.5 -0.85) (layer F.SilkS) (width 0.12))
    (fp_line (start -1 -0.62) (end 1 -0.62) (layer F.Fab) (width 0.1))
    (fp_line (start 1 -0.62) (end 1 0.62) (layer F.Fab) (width 0.1))
    (fp_line (start 1 0.62) (end -1 0.62) (layer F.Fab) (width 0.1))
    (fp_line (start -1 0.62) (end -1 -0.62) (layer F.Fab) (width 0.1))
    (fp_text user %R (at 0 -1.75) (layer F.Fab)
      (effects (font (size 1 1) (thickness 0.15)))
    )
    (pad 2 smd rect (at 1.25 0) (size 1.5 1.25) (layers F.Cu F.Paste F.Mask)
      (net 2 GND))
    (pad 1 smd rect (at -1.25 0) (size 1.5 1.25) (layers F.Cu F.Paste F.Mask)
      (net 5 +5V))
    (model Capacitors_SMD.3dshapes/C_0805.wrl
      (at (xyz 0 0 0))
      (scale (xyz 1 1 1))
      (rotate (xyz 0 0 0))
    )
    (model ${KISYS3DMOD}/Capacitor_SMD.3dshapes/C_0805_2012Metric.step
      (at (xyz 0 0 0))
      (scale (xyz 1 1 1))
      (rotate (xyz 0 0 0))
    )
  )

  (module Capacitors_SMD:C_0805_HandSoldering (layer F.Cu) (tedit 58AA84A8) (tstamp 5C047EAA)
    (at 77.47 95.123 270)
    (descr "Capacitor SMD 0805, hand soldering")
    (tags "capacitor 0805")
    (path /5C1A41B0/5C1B3270)
    (attr smd)
    (fp_text reference C407 (at -4.191 0 270) (layer F.SilkS)
      (effects (font (size 1 1) (thickness 0.15)))
    )
    (fp_text value 10uF (at 0 1.75 270) (layer F.Fab)
      (effects (font (size 1 1) (thickness 0.15)))
    )
    (fp_text user %R (at 0 -1.75 270) (layer F.Fab)
      (effects (font (size 1 1) (thickness 0.15)))
    )
    (fp_line (start -1 0.62) (end -1 -0.62) (layer F.Fab) (width 0.1))
    (fp_line (start 1 0.62) (end -1 0.62) (layer F.Fab) (width 0.1))
    (fp_line (start 1 -0.62) (end 1 0.62) (layer F.Fab) (width 0.1))
    (fp_line (start -1 -0.62) (end 1 -0.62) (layer F.Fab) (width 0.1))
    (fp_line (start 0.5 -0.85) (end -0.5 -0.85) (layer F.SilkS) (width 0.12))
    (fp_line (start -0.5 0.85) (end 0.5 0.85) (layer F.SilkS) (width 0.12))
    (fp_line (start -2.25 -0.88) (end 2.25 -0.88) (layer F.CrtYd) (width 0.05))
    (fp_line (start -2.25 -0.88) (end -2.25 0.87) (layer F.CrtYd) (width 0.05))
    (fp_line (start 2.25 0.87) (end 2.25 -0.88) (layer F.CrtYd) (width 0.05))
    (fp_line (start 2.25 0.87) (end -2.25 0.87) (layer F.CrtYd) (width 0.05))
    (pad 1 smd rect (at -1.25 0 270) (size 1.5 1.25) (layers F.Cu F.Paste F.Mask)
      (net 6 "Net-(C407-Pad1)"))
    (pad 2 smd rect (at 1.25 0 270) (size 1.5 1.25) (layers F.Cu F.Paste F.Mask)
      (net 7 "Net-(C407-Pad2)"))
    (model Capacitors_SMD.3dshapes/C_0805.wrl
      (at (xyz 0 0 0))
      (scale (xyz 1 1 1))
      (rotate (xyz 0 0 0))
    )
    (model ${KISYS3DMOD}/Capacitor_SMD.3dshapes/C_0805_2012Metric.step
      (at (xyz 0 0 0))
      (scale (xyz 1 1 1))
      (rotate (xyz 0 0 0))
    )
  )

  (module Capacitors_SMD:C_0805_HandSoldering (layer F.Cu) (tedit 58AA84A8) (tstamp 5C047EBB)
    (at 86.614 95.123 270)
    (descr "Capacitor SMD 0805, hand soldering")
    (tags "capacitor 0805")
    (path /5C1A41B0/5C1B32A6)
    (attr smd)
    (fp_text reference C408 (at 0 -1.778 90) (layer F.SilkS)
      (effects (font (size 1 1) (thickness 0.15)))
    )
    (fp_text value 10uF (at 0 1.75 270) (layer F.Fab)
      (effects (font (size 1 1) (thickness 0.15)))
    )
    (fp_line (start 2.25 0.87) (end -2.25 0.87) (layer F.CrtYd) (width 0.05))
    (fp_line (start 2.25 0.87) (end 2.25 -0.88) (layer F.CrtYd) (width 0.05))
    (fp_line (start -2.25 -0.88) (end -2.25 0.87) (layer F.CrtYd) (width 0.05))
    (fp_line (start -2.25 -0.88) (end 2.25 -0.88) (layer F.CrtYd) (width 0.05))
    (fp_line (start -0.5 0.85) (end 0.5 0.85) (layer F.SilkS) (width 0.12))
    (fp_line (start 0.5 -0.85) (end -0.5 -0.85) (layer F.SilkS) (width 0.12))
    (fp_line (start -1 -0.62) (end 1 -0.62) (layer F.Fab) (width 0.1))
    (fp_line (start 1 -0.62) (end 1 0.62) (layer F.Fab) (width 0.1))
    (fp_line (start 1 0.62) (end -1 0.62) (layer F.Fab) (width 0.1))
    (fp_line (start -1 0.62) (end -1 -0.62) (layer F.Fab) (width 0.1))
    (fp_text user %R (at 0 -1.75 270) (layer F.Fab)
      (effects (font (size 1 1) (thickness 0.15)))
    )
    (pad 2 smd rect (at 1.25 0 270) (size 1.5 1.25) (layers F.Cu F.Paste F.Mask)
      (net 8 "Net-(C408-Pad2)"))
    (pad 1 smd rect (at -1.25 0 270) (size 1.5 1.25) (layers F.Cu F.Paste F.Mask)
      (net 9 +10V))
    (model Capacitors_SMD.3dshapes/C_0805.wrl
      (at (xyz 0 0 0))
      (scale (xyz 1 1 1))
      (rotate (xyz 0 0 0))
    )
    (model ${KISYS3DMOD}/Capacitor_SMD.3dshapes/C_0805_2012Metric.step
      (at (xyz 0 0 0))
      (scale (xyz 1 1 1))
      (rotate (xyz 0 0 0))
    )
  )

  (module Capacitors_SMD:C_0805_HandSoldering (layer F.Cu) (tedit 58AA84A8) (tstamp 5C047ECC)
    (at 101.6 104.14 270)
    (descr "Capacitor SMD 0805, hand soldering")
    (tags "capacitor 0805")
    (path /5C1D3F8A/5C1D4850)
    (attr smd)
    (fp_text reference C601 (at -3.0988 -0.8128) (layer F.SilkS)
      (effects (font (size 1 1) (thickness 0.15)))
    )
    (fp_text value 100n (at 0 1.75 270) (layer F.Fab)
      (effects (font (size 1 1) (thickness 0.15)))
    )
    (fp_text user %R (at 0 -1.75 270) (layer F.Fab)
      (effects (font (size 1 1) (thickness 0.15)))
    )
    (fp_line (start -1 0.62) (end -1 -0.62) (layer F.Fab) (width 0.1))
    (fp_line (start 1 0.62) (end -1 0.62) (layer F.Fab) (width 0.1))
    (fp_line (start 1 -0.62) (end 1 0.62) (layer F.Fab) (width 0.1))
    (fp_line (start -1 -0.62) (end 1 -0.62) (layer F.Fab) (width 0.1))
    (fp_line (start 0.5 -0.85) (end -0.5 -0.85) (layer F.SilkS) (width 0.12))
    (fp_line (start -0.5 0.85) (end 0.5 0.85) (layer F.SilkS) (width 0.12))
    (fp_line (start -2.25 -0.88) (end 2.25 -0.88) (layer F.CrtYd) (width 0.05))
    (fp_line (start -2.25 -0.88) (end -2.25 0.87) (layer F.CrtYd) (width 0.05))
    (fp_line (start 2.25 0.87) (end 2.25 -0.88) (layer F.CrtYd) (width 0.05))
    (fp_line (start 2.25 0.87) (end -2.25 0.87) (layer F.CrtYd) (width 0.05))
    (pad 1 smd rect (at -1.25 0 270) (size 1.5 1.25) (layers F.Cu F.Paste F.Mask)
      (net 5 +5V))
    (pad 2 smd rect (at 1.25 0 270) (size 1.5 1.25) (layers F.Cu F.Paste F.Mask)
      (net 2 GND))
    (model Capacitors_SMD.3dshapes/C_0805.wrl
      (at (xyz 0 0 0))
      (scale (xyz 1 1 1))
      (rotate (xyz 0 0 0))
    )
    (model ${KISYS3DMOD}/Capacitor_SMD.3dshapes/C_0805_2012Metric.step
      (at (xyz 0 0 0))
      (scale (xyz 1 1 1))
      (rotate (xyz 0 0 0))
    )
  )

  (module Capacitors_SMD:C_0805_HandSoldering (layer F.Cu) (tedit 58AA84A8) (tstamp 5C047EDD)
    (at 99.06 104.14 270)
    (descr "Capacitor SMD 0805, hand soldering")
    (tags "capacitor 0805")
    (path /5C1D3F8A/5C1D48D4)
    (attr smd)
    (fp_text reference C602 (at -3.0988 0.8636) (layer F.SilkS)
      (effects (font (size 1 1) (thickness 0.15)))
    )
    (fp_text value 1uF (at 0 1.75 270) (layer F.Fab)
      (effects (font (size 1 1) (thickness 0.15)))
    )
    (fp_line (start 2.25 0.87) (end -2.25 0.87) (layer F.CrtYd) (width 0.05))
    (fp_line (start 2.25 0.87) (end 2.25 -0.88) (layer F.CrtYd) (width 0.05))
    (fp_line (start -2.25 -0.88) (end -2.25 0.87) (layer F.CrtYd) (width 0.05))
    (fp_line (start -2.25 -0.88) (end 2.25 -0.88) (layer F.CrtYd) (width 0.05))
    (fp_line (start -0.5 0.85) (end 0.5 0.85) (layer F.SilkS) (width 0.12))
    (fp_line (start 0.5 -0.85) (end -0.5 -0.85) (layer F.SilkS) (width 0.12))
    (fp_line (start -1 -0.62) (end 1 -0.62) (layer F.Fab) (width 0.1))
    (fp_line (start 1 -0.62) (end 1 0.62) (layer F.Fab) (width 0.1))
    (fp_line (start 1 0.62) (end -1 0.62) (layer F.Fab) (width 0.1))
    (fp_line (start -1 0.62) (end -1 -0.62) (layer F.Fab) (width 0.1))
    (fp_text user %R (at 0 -1.75 270) (layer F.Fab)
      (effects (font (size 1 1) (thickness 0.15)))
    )
    (pad 2 smd rect (at 1.25 0 270) (size 1.5 1.25) (layers F.Cu F.Paste F.Mask)
      (net 2 GND))
    (pad 1 smd rect (at -1.25 0 270) (size 1.5 1.25) (layers F.Cu F.Paste F.Mask)
      (net 5 +5V))
    (model Capacitors_SMD.3dshapes/C_0805.wrl
      (at (xyz 0 0 0))
      (scale (xyz 1 1 1))
      (rotate (xyz 0 0 0))
    )
    (model ${KISYS3DMOD}/Capacitor_SMD.3dshapes/C_0805_2012Metric.step
      (at (xyz 0 0 0))
      (scale (xyz 1 1 1))
      (rotate (xyz 0 0 0))
    )
  )

  (module LEDs:LED_0805_HandSoldering (layer F.Cu) (tedit 595FCA25) (tstamp 5C047EF2)
    (at 113.538 94.234 180)
    (descr "Resistor SMD 0805, hand soldering")
    (tags "resistor 0805")
    (path /5BF95C47/5C1504D0)
    (attr smd)
    (fp_text reference D201 (at 4.318 0 180) (layer F.SilkS)
      (effects (font (size 1 1) (thickness 0.15)))
    )
    (fp_text value LED (at 0 1.75 180) (layer F.Fab)
      (effects (font (size 1 1) (thickness 0.15)))
    )
    (fp_line (start -2.2 -0.75) (end -2.2 0.75) (layer F.SilkS) (width 0.12))
    (fp_line (start 2.35 0.9) (end -2.35 0.9) (layer F.CrtYd) (width 0.05))
    (fp_line (start 2.35 0.9) (end 2.35 -0.9) (layer F.CrtYd) (width 0.05))
    (fp_line (start -2.35 -0.9) (end -2.35 0.9) (layer F.CrtYd) (width 0.05))
    (fp_line (start -2.35 -0.9) (end 2.35 -0.9) (layer F.CrtYd) (width 0.05))
    (fp_line (start -2.2 -0.75) (end 1 -0.75) (layer F.SilkS) (width 0.12))
    (fp_line (start 1 0.75) (end -2.2 0.75) (layer F.SilkS) (width 0.12))
    (fp_line (start -1 -0.62) (end 1 -0.62) (layer F.Fab) (width 0.1))
    (fp_line (start 1 -0.62) (end 1 0.62) (layer F.Fab) (width 0.1))
    (fp_line (start 1 0.62) (end -1 0.62) (layer F.Fab) (width 0.1))
    (fp_line (start -1 0.62) (end -1 -0.62) (layer F.Fab) (width 0.1))
    (fp_line (start 0.2 -0.4) (end 0.2 0.4) (layer F.Fab) (width 0.1))
    (fp_line (start 0.2 0.4) (end -0.4 0) (layer F.Fab) (width 0.1))
    (fp_line (start -0.4 0) (end 0.2 -0.4) (layer F.Fab) (width 0.1))
    (fp_line (start -0.4 -0.4) (end -0.4 0.4) (layer F.Fab) (width 0.1))
    (pad 2 smd rect (at 1.35 0 180) (size 1.5 1.3) (layers F.Cu F.Paste F.Mask)
      (net 10 "Net-(D201-Pad2)"))
    (pad 1 smd rect (at -1.35 0 180) (size 1.5 1.3) (layers F.Cu F.Paste F.Mask)
      (net 11 /ESP8266-E12/GPIO16))
